60 0.016844 0.0825243 0.0265957 0.101942 0.000135869
60 0.515957 0.0740291 0.0283688 0.0995146 0.000225684
0 0.588652 0.412621 0.0390071 0.174757 0.000648263
59 0.162234 0.598301 0.0141844 0.0800971 0.000837625
0 0.0257092 0.347087 0.0460993 0.184466 0.00542373
41 0.820035 0.609223 0.0106383 0.0679612 0.0609451
3 0.304965 0.0728155 0.0177305 0.0776699 0.086935
54 0.245124 0.368932 0.0452128 0.145631 0.0877666
51 0.554078 0.34466 0.0248227 0.203883 0.12394
59 0.120567 0.350728 0.0283688 0.123786 0.159772
54 0.025266 0.598301 0.0345745 0.0946602 0.161441
62 0.422429 0.355583 0.0363475 0.114078 0.187954
3 0.404699 0.0716019 0.018617 0.0752427 0.217131
38 0.201241 0.341019 0.0407801 0.148058 0.219785
59 0.738475 0.598301 0.0159574 0.0703883 0.228904
60 0.402039 0.605583 0.016844 0.065534 0.232419
48 0.147163 0.593447 0.00886525 0.0849515 0.249666
38 0.242021 0.600728 0.0159574 0.0849515 0.269145
0 0.836879 0.600728 0.0212766 0.0849515 0.288032
44 0.365248 0.605583 0.0177305 0.0606796 0.313647
55 0.378989 0.0752427 0.018617 0.0728155 0.435158
46 0.674645 0.614078 0.0177305 0.0825243 0.443322
58 0.327128 0.0752427 0.0177305 0.0728155 0.451628
44 0.31117 0.342233 0.0425532 0.140777 0.477297
60 0.62234 0.601942 0.0195035 0.0679612 0.495038
54 0.47828 0.0752427 0.0257092 0.0825243 0.509582
58 0.427748 0.0740291 0.016844 0.0703883 0.511368
47 0.224291 0.59466 0.0177305 0.0825243 0.512215
44 0.0837766 0.347087 0.0434397 0.165049 0.519737
48 0.54477 0.595874 0.00797872 0.0752427 0.533643
60 0.180851 0.605583 0.0195035 0.0703883 0.535397
54 0.0527482 0.599515 0.0203901 0.0728155 0.539314
60 0.116578 0.604369 0.016844 0.0679612 0.545244
48 0.492021 0.595874 0.00886525 0.0800971 0.580483
42 0.531028 0.595874 0.0195035 0.0800971 0.613922
47 0.341312 0.597087 0.0177305 0.0776699 0.620076
46 0.479167 0.612864 0.016844 0.0752427 0.622143
59 0.803191 0.600728 0.0124113 0.0752427 0.62595
53 0.157801 0.353155 0.0390071 0.133495 0.630995
48 0.452128 0.334951 0.0159574 0.165049 0.657478
42 0.60328 0.595874 0.018617 0.0800971 0.67229
44 0.483156 0.364078 0.037234 0.116505 0.676446
55 0.353723 0.0825243 0.0195035 0.092233 0.680018
59 0.760195 0.599515 0.0115248 0.0679612 0.699009
46 0.0975177 0.616505 0.0177305 0.0825243 0.711158
38 0.506649 0.604369 0.016844 0.0631068 0.737964
64 0.419326 0.614078 0.0177305 0.0873786 0.743547
53 0.452128 0.605583 0.0195035 0.0606796 0.775832
47 0.576241 0.59466 0.0177305 0.0825243 0.77704
58 0.451241 0.0740291 0.0195035 0.0703883 0.777295
47 0.718972 0.59466 0.0177305 0.0825243 0.783102
47 0.774379 0.597087 0.016844 0.0776699 0.784647
53 0.558511 0.604369 0.0177305 0.0582524 0.789085
53 0.322252 0.605583 0.018617 0.065534 0.791898
53 0.259309 0.606796 0.018617 0.0679612 0.794096
53 0.0784574 0.604369 0.018617 0.0631068 0.795957
47 0.382979 0.59466 0.0177305 0.0873786 0.796777
57 0.390514 0.355583 0.0257092 0.114078 0.804935
53 0.700798 0.604369 0.018617 0.0582524 0.811351
53 0.656915 0.606796 0.0177305 0.0631068 0.813565
53 0.205674 0.603155 0.0177305 0.0558252 0.814258
52 0.28945 0.605583 0.0292553 0.065534 0.818225
44 0.521277 0.35801 0.0390071 0.128641 0.851127
44 0.354167 0.35801 0.0381206 0.123786 0.870565
