47 0.99513 0.2325 0.00974026 0.08 0.000116881
53 0.00162338 0.54875 0.00324675 0.0625 0.000134091
60 0.852814 0.975 0.017316 0.05 0.000144944
58 0.00541126 0.8175 0.0108225 0.07 0.000173672
0 0.0757576 0.1175 0.0584416 0.235 0.000189064
64 0.989719 0.45875 0.0205628 0.0675 0.000544377
43 0.689935 0.97125 0.0183983 0.0575 0.000624647
42 0.231061 0.80125 0.0162338 0.0825 0.00134048
60 0.26461 0.6925 0.0205628 0.07 0.00204027
54 0.62013 0.43 0.0194805 0.06 0.0026556
54 0.994048 0.6925 0.00974026 0.07 0.00333746
44 0.86526 0.42125 0.0183983 0.0725 0.00742138
42 0.27381 0.80625 0.021645 0.0725 0.00767179
58 0.739719 0.82125 0.0248918 0.0725 0.00859085
0 0.364719 0.1375 0.0627706 0.275 0.00863327
42 0.179654 0.67875 0.017316 0.0825 0.00901393
48 0.926948 0.8025 0.00974026 0.085 0.010103
64 0.195887 0.555 0.017316 0.08 0.0110792
45 0.79329 0.415 0.017316 0.08 0.0131365
57 0.00595238 0.9525 0.0119048 0.06 0.0153639
42 0.428571 0.41875 0.021645 0.0725 0.0186937
64 0.663961 0.13625 0.0443723 0.2325 0.0217012
38 0.555195 0.4225 0.0151515 0.075 0.0356069
57 0.135281 0.1575 0.034632 0.16 0.0373174
42 0.459416 0.81 0.0205628 0.09 0.0487564
42 0.493506 0.94 0.017316 0.085 0.0614228
53 0.469156 0.43 0.0205628 0.06 0.0686503
54 0.285714 0.18375 0.0714286 0.1475 0.0701745
45 0.369589 0.54875 0.0119048 0.0825 0.113597
50 0.641234 0.93 0.0183983 0.08 0.11383
45 0.804113 0.6775 0.021645 0.075 0.125133
54 0.00649351 0.68875 0.012987 0.0725 0.126948
54 0.00595238 0.42375 0.0119048 0.0625 0.135517
38 0.138528 0.93875 0.017316 0.0775 0.140981
54 0.226732 0.9325 0.0227273 0.075 0.149617
42 0.877164 0.68 0.0205628 0.075 0.177154
48 0.540584 0.8075 0.0119048 0.085 0.183032
54 0.387446 0.54625 0.0238095 0.0875 0.187529
54 0.180736 0.1675 0.0497836 0.135 0.198953
48 0.274892 0.4175 0.0108225 0.085 0.200429
44 0.425866 0.1675 0.0508658 0.125 0.201227
46 0.291126 0.4275 0.0194805 0.08 0.211132
54 0.573052 0.9375 0.0270563 0.08 0.211305
54 0.0270563 0.67375 0.0281385 0.0875 0.21943
42 0.397186 0.93375 0.021645 0.0775 0.224853
44 0.694805 0.41875 0.0194805 0.0725 0.234418
54 0.0806277 0.54875 0.0205628 0.0675 0.262187
38 0.356061 0.42625 0.017316 0.0675 0.282663
57 0.0589827 0.815 0.0183983 0.08 0.298546
52 0.165043 0.94 0.0292208 0.065 0.307858
64 0.972944 0.6925 0.021645 0.08 0.321327
38 0.306818 0.67375 0.0183983 0.0775 0.337082
54 0.214286 0.42125 0.021645 0.0675 0.348436
57 0.233766 0.55375 0.017316 0.0675 0.355438
42 0.202922 0.935 0.0227273 0.08 0.366991
40 0.642857 0.42625 0.021645 0.0625 0.403843
53 0.126623 0.685 0.0194805 0.06 0.407943
60 0.0514069 0.94125 0.0205628 0.0625 0.408488
61 0.474026 0.94625 0.021645 0.0625 0.410801
43 0.54329 0.96625 0.012987 0.0325 0.415197
54 0.155303 0.56 0.0205628 0.075 0.434902
60 0.191017 0.42625 0.0205628 0.0625 0.449449
50 0.353896 0.93125 0.021645 0.0775 0.465679
44 0.475108 0.685 0.0194805 0.065 0.469642
59 0.169913 0.80625 0.0151515 0.0825 0.475588
44 0.825216 0.685 0.0205628 0.07 0.478632
54 0.505411 0.17375 0.0497836 0.1225 0.487513
42 0.258117 0.93125 0.0205628 0.0825 0.489739
54 0.580087 0.16875 0.0519481 0.1275 0.49056
42 0.338203 0.67875 0.0227273 0.0825 0.490634
59 0.0194805 0.935 0.012987 0.07 0.492398
44 0.176948 0.55125 0.0183983 0.0625 0.495079
47 0.52381 0.80625 0.0194805 0.0825 0.498143
59 0.336039 0.8125 0.0119048 0.085 0.504706
47 0.0243506 0.41625 0.0205628 0.0775 0.516334
38 0.395563 0.80875 0.0205628 0.0775 0.526335
54 0.454545 0.69125 0.021645 0.0775 0.527266
48 0.680736 0.42 0.00865801 0.08 0.528744
53 0.160173 0.68375 0.021645 0.0675 0.533258
40 0.323052 0.94125 0.0205628 0.0575 0.538238
46 0.599026 0.435 0.0227273 0.085 0.539018
55 0.300866 0.9475 0.0194805 0.08 0.550429
61 0.286255 0.68625 0.0227273 0.0625 0.551271
44 0.481602 0.81875 0.021645 0.0675 0.582439
48 0.0411255 0.805 0.0108225 0.085 0.586058
40 0.566017 0.81625 0.021645 0.0625 0.596561
59 0.122835 0.945 0.0140693 0.085 0.600909
48 0.0411255 0.41875 0.0108225 0.0775 0.600936
42 0.782468 0.67625 0.021645 0.0775 0.603752
38 0.599026 0.9425 0.0183983 0.065 0.604668
48 0.6921 0.68 0.00974026 0.075 0.60883
54 0.102814 0.42375 0.0194805 0.0625 0.609233
46 0.402597 0.695 0.021645 0.085 0.614868
57 0.214827 0.5525 0.0183983 0.065 0.617415
59 0.57197 0.42125 0.0140693 0.0725 0.618432
59 0.603896 0.68125 0.012987 0.0725 0.620905
48 0.670455 0.8075 0.0119048 0.08 0.622634
64 0.514069 0.95 0.021645 0.085 0.625126
60 0.279221 0.93875 0.0194805 0.0625 0.62707
42 0.233766 0.675 0.021645 0.08 0.629608
48 0.758658 0.81125 0.0108225 0.0925 0.645587
60 0.532468 0.68875 0.021645 0.0575 0.648035
48 0.231602 0.41375 0.012987 0.0825 0.650837
48 0.12013 0.41875 0.0108225 0.0775 0.656123
42 0.771104 0.41625 0.0227273 0.0775 0.657586
42 0.086039 0.675 0.0227273 0.08 0.659148
38 0.619589 0.6825 0.0183983 0.07 0.659789
59 0.247294 0.8075 0.0119048 0.075 0.660783
48 0.370671 0.415 0.0119048 0.085 0.670063
47 0.187771 0.8075 0.0205628 0.08 0.676698
59 0.501082 0.68125 0.0151515 0.0775 0.677008
47 0.375 0.92875 0.0205628 0.0775 0.684994
46 0.0232684 0.8275 0.0205628 0.075 0.685059
47 0.295455 0.80375 0.021645 0.0825 0.685397
44 0.707792 0.68125 0.0194805 0.0675 0.692385
59 0.505952 0.80875 0.0140693 0.0775 0.695142
59 0.66829 0.42 0.0140693 0.07 0.696399
38 0.322511 0.5475 0.0194805 0.08 0.697944
46 0.75 0.69625 0.0194805 0.0775 0.710067
44 0.398268 0.4275 0.021645 0.075 0.712081
44 0.814394 0.42375 0.0205628 0.0575 0.712723
59 0.803571 0.80875 0.0140693 0.0775 0.720112
59 0.41342 0.80875 0.0151515 0.0725 0.720278
46 0.437771 0.5625 0.0227273 0.09 0.720952
59 0.913961 0.80875 0.0140693 0.0725 0.726809
46 0.577381 0.695 0.0205628 0.08 0.732844
59 0.339286 0.42 0.0140693 0.08 0.740609
48 0.542208 0.14875 0.021645 0.1675 0.744988
54 0.0541126 0.68 0.0238095 0.07 0.745104
46 0.0968615 0.9525 0.0227273 0.085 0.745254
59 0.305195 0.54875 0.012987 0.0775 0.74549
46 0.738636 0.43375 0.0227273 0.0975 0.751976
38 0.449134 0.42625 0.0194805 0.0675 0.756748
52 0.347403 0.555 0.030303 0.06 0.758103
54 0.609848 0.82 0.0227273 0.07 0.759453
59 0.679654 0.68 0.012987 0.07 0.762177
46 0.887987 0.82375 0.0248918 0.0925 0.76268
55 0.0811688 0.8275 0.021645 0.08 0.76399
44 0.110931 0.82 0.0205628 0.065 0.768749
38 0.106602 0.68625 0.0183983 0.0725 0.770489
46 0.4421 0.95 0.0205628 0.085 0.770969
44 0.661797 0.94125 0.0205628 0.0575 0.771803
60 0.0579004 0.55875 0.0205628 0.0625 0.774191
52 0.138528 0.815 0.0324675 0.06 0.775541
54 0.317641 0.81125 0.0205628 0.0725 0.787016
47 0.257576 0.41375 0.021645 0.0775 0.788303
53 0.376623 0.6825 0.021645 0.06 0.788382
53 0.775974 0.815 0.021645 0.065 0.788758
53 0.943723 0.81625 0.0238095 0.0675 0.788857
46 0.169372 0.43625 0.0205628 0.0775 0.793401
53 0.146104 0.425 0.0238095 0.06 0.797313
47 0.82197 0.80625 0.0205628 0.0825 0.799797
46 0.277597 0.56625 0.0205628 0.0825 0.800863
58 0.417749 0.55625 0.017316 0.0625 0.801259
38 0.950216 0.685 0.0194805 0.065 0.809127
53 0.619048 0.94125 0.021645 0.0575 0.814136
53 0.864719 0.81625 0.021645 0.0675 0.815315
46 0.438312 0.82875 0.021645 0.0825 0.81589
53 0.101732 0.55125 0.021645 0.0675 0.815941
46 0.492424 0.435 0.0238095 0.09 0.817799
53 0.0725108 0.94125 0.021645 0.0625 0.818494
52 0.367965 0.8175 0.034632 0.065 0.819516
52 0.646645 0.815 0.0335498 0.065 0.820205
54 0.200758 0.68375 0.0205628 0.0625 0.821349
47 0.13474 0.5425 0.0205628 0.08 0.822706
53 0.843615 0.42625 0.0227273 0.0625 0.824354
53 0.254329 0.55125 0.021645 0.0675 0.827575
47 0.433442 0.675 0.0205628 0.08 0.830096
53 0.418831 0.9425 0.021645 0.06 0.831088
54 0.211039 0.8175 0.0238095 0.065 0.833183
53 0.311147 0.42375 0.0205628 0.0625 0.833406
53 0.885823 0.42375 0.0227273 0.0625 0.833468
53 0.554113 0.685 0.021645 0.06 0.836319
53 0.687771 0.815 0.0205628 0.06 0.836443
54 0.89881 0.68625 0.0227273 0.0625 0.840822
53 0.855519 0.68625 0.0227273 0.0625 0.840952
47 0.587121 0.80625 0.0205628 0.0775 0.842546
53 0.727814 0.685 0.0205628 0.06 0.849495
52 0.0297619 0.555 0.0313853 0.055 0.850424
53 0.715909 0.42375 0.0205628 0.0575 0.851375
44 0.916667 0.43 0.0194805 0.065 0.856809
52 0.52868 0.42625 0.0335498 0.0625 0.858278
52 0.0741342 0.42625 0.0335498 0.0575 0.863667
52 0.943182 0.425 0.0335498 0.06 0.873163
47 0.930195 0.67625 0.0205628 0.0775 0.87889
52 0.645022 0.685 0.0324675 0.06 0.883834
47 0.711039 0.805 0.021645 0.08 0.890548
