54 0.407104 0.947368 0.0177596 0.0650155 0.000102947
44 0.0952869 0.138545 0.0553279 0.221362 0.000138988
54 0.00853825 0.674149 0.0170765 0.0572755 0.000705029
0 0.989413 0.403251 0.0211749 0.0696594 0.00111392
44 0.336407 0.676471 0.0170765 0.0681115 0.00215283
44 0.370902 0.191176 0.0437158 0.227554 0.00227871
42 0.235314 0.414087 0.0211749 0.0696594 0.00317075
57 0.140369 0.168731 0.0334699 0.142415 0.00347043
59 0.396175 0.798762 0.0150273 0.0712074 0.00391068
48 0.490437 0.787152 0.0122951 0.0603715 0.00504213
42 0.279372 0.781734 0.0204918 0.0712074 0.0068874
0 0.716872 0.639319 0.00887978 0.0804954 0.00746402
48 0.37056 0.537152 0.022541 0.0835913 0.010709
44 0.618169 0.179567 0.0478142 0.139319 0.0132345
54 0.0126366 0.910217 0.0211749 0.0743034 0.0139854
58 0.890369 0.553406 0.0184426 0.0727554 0.0169553
38 0.142418 0.544118 0.0184426 0.0913313 0.0201036
54 0.307719 0.179567 0.056694 0.173375 0.0203969
42 0.732582 0.658669 0.0211749 0.0696594 0.0207798
42 0.447404 0.414087 0.0177596 0.0758514 0.0257905
54 0.18306 0.177245 0.0491803 0.140867 0.0347845
54 0.00785519 0.427245 0.0157104 0.0773994 0.0480816
44 0.270492 0.915635 0.0191257 0.0727554 0.0514455
54 0.557377 0.662539 0.0191257 0.0650155 0.0670277
38 0.0379098 0.903251 0.0252732 0.0789474 0.0790018
54 0.235656 0.173375 0.0560109 0.167183 0.0864168
42 0.0338115 0.783282 0.0266393 0.0804954 0.0958491
54 0.725068 0.793344 0.0198087 0.0603715 0.126999
38 0.673839 0.79257 0.0170765 0.0526316 0.127119
54 0.0833333 0.905573 0.0204918 0.0681115 0.128291
58 0.11373 0.660217 0.0198087 0.0851393 0.129466
38 0.785178 0.544118 0.0184426 0.0665635 0.141127
43 0.760587 0.801084 0.011612 0.0356037 0.141733
48 0.259221 0.53096 0.0143443 0.0897833 0.146718
48 0.588456 0.780186 0.00887978 0.0773994 0.166544
58 0.221995 0.547214 0.0177596 0.0727554 0.181461
3 0.345287 0.906347 0.0198087 0.0820433 0.181827
50 0.109631 0.782508 0.0211749 0.0851393 0.205287
42 0.867486 0.660991 0.0218579 0.0743034 0.213941
45 0.573429 0.417957 0.011612 0.0712074 0.214538
54 0.57138 0.786378 0.0211749 0.0743034 0.227847
42 0.0348361 0.419505 0.023224 0.0773994 0.252889
42 0.398907 0.535604 0.0245902 0.0866873 0.261288
55 0.775615 0.672601 0.0198087 0.0789474 0.270458
42 0.680669 0.664861 0.0170765 0.0727554 0.271661
23 0.724044 0.414087 0.0368852 0.0820433 0.288879
0 0.325137 0.906347 0.0191257 0.0727554 0.290224
11 0.903689 0.414087 0.0273224 0.0665635 0.30055
42 0.116462 0.530186 0.0280055 0.0851393 0.312059
38 0.325478 0.55031 0.0170765 0.0696594 0.323547
54 0.632172 0.417957 0.022541 0.0681115 0.331209
48 0.800546 0.532508 0.00956284 0.0835913 0.33301
43 0.906079 0.561145 0.011612 0.0263158 0.339715
43 0.925546 0.681115 0.00819672 0.0216718 0.34039
48 0.251366 0.414861 0.00956284 0.0804954 0.34181
54 0.151981 0.786378 0.0211749 0.0712074 0.347343
54 0.680328 0.544892 0.0191257 0.0588235 0.350222
42 0.932719 0.536378 0.0252732 0.0789474 0.355557
38 0.188525 0.909443 0.0191257 0.0727554 0.371048
42 0.451503 0.534056 0.0218579 0.0773994 0.373014
44 0.74556 0.795666 0.0184426 0.0588235 0.376681
59 0.149249 0.908669 0.0157104 0.0712074 0.377928
47 0.371926 0.417183 0.0170765 0.0820433 0.387437
46 0.125 0.921053 0.0191257 0.0743034 0.398331
54 0.823087 0.416409 0.0286885 0.0773994 0.398962
48 0.160178 0.661765 0.0102459 0.0758514 0.399819
50 0.552937 0.53483 0.0198087 0.0758514 0.409271
50 0.614754 0.782508 0.0191257 0.0758514 0.412077
40 0.795082 0.665635 0.0191257 0.0619195 0.434312
44 0.826161 0.54644 0.0198087 0.0557276 0.444365
54 0.620902 0.673375 0.0204918 0.0712074 0.446057
42 0.939208 0.413313 0.0204918 0.0712074 0.447725
0 0.0894809 0.541796 0.0191257 0.0743034 0.457768
54 0.0512295 0.664861 0.023224 0.0696594 0.464854
42 0.458333 0.782508 0.0204918 0.0789474 0.481486
47 0.178279 0.661765 0.0177596 0.0789474 0.482794
54 0.352801 0.797214 0.0184426 0.0712074 0.487588
48 0.430328 0.782508 0.010929 0.0758514 0.495695
48 0.46653 0.658669 0.010929 0.0789474 0.516778
44 0.161544 0.541796 0.0198087 0.0588235 0.51704
48 0.698087 0.53483 0.00956284 0.0758514 0.517777
54 0.641735 0.668731 0.0198087 0.0588235 0.520415
42 0.191257 0.534056 0.0218579 0.0835913 0.536916
60 0.534836 0.673375 0.0191257 0.0650155 0.541726
38 0.276298 0.537926 0.0198087 0.0758514 0.546206
42 0.481557 0.53483 0.0204918 0.0727554 0.553099
60 0.0525956 0.547214 0.0191257 0.0665635 0.558378
44 0.568648 0.18808 0.0498634 0.116099 0.559738
58 0.850068 0.417183 0.0211749 0.0696594 0.564666
30 0.875342 0.412539 0.0252732 0.0665635 0.573089
57 0.284495 0.424923 0.0157104 0.0510836 0.575459
40 0.0297131 0.667957 0.0184426 0.0634675 0.578464
44 0.465847 0.421053 0.0191257 0.0650155 0.580524
62 0.49556 0.179567 0.0512295 0.105263 0.5898
59 0.238388 0.537152 0.0136612 0.0804954 0.599869
38 0.557719 0.419505 0.0184426 0.0681115 0.606984
51 0.257514 0.659443 0.00956284 0.0835913 0.608375
50 0.825137 0.659443 0.0204918 0.0743034 0.615869
42 0.429303 0.53483 0.0211749 0.0789474 0.616469
54 0.450478 0.673375 0.0211749 0.0743034 0.623513
60 0.257172 0.79257 0.0211749 0.0619195 0.625508
60 0.753757 0.667183 0.0198087 0.0588235 0.62672
48 0.20765 0.537926 0.00956284 0.0727554 0.627865
44 0.302937 0.418731 0.0184426 0.0696594 0.635917
48 0.574112 0.663313 0.00887978 0.0727554 0.641061
44 0.417691 0.177245 0.045765 0.125387 0.642009
30 0.785861 0.414087 0.0266393 0.0727554 0.643322
55 0.701503 0.679567 0.0191257 0.0743034 0.657175
47 0.845287 0.537152 0.0184426 0.0743034 0.657309
48 0.532104 0.161765 0.0218579 0.153251 0.659648
46 0.528689 0.803406 0.0204918 0.0804954 0.663303
53 0.291325 0.914087 0.0198087 0.0572755 0.666044
46 0.955943 0.55031 0.0184426 0.0696594 0.668865
42 0.306694 0.537152 0.0204918 0.0773994 0.670353
38 0.655396 0.787152 0.0184426 0.0727554 0.673464
59 0.666325 0.664861 0.011612 0.0665635 0.681528
38 0.0584016 0.428793 0.0198087 0.0650155 0.682836
47 0.414276 0.783282 0.0184426 0.0743034 0.690685
48 0.569672 0.535604 0.010929 0.0743034 0.691713
46 0.193306 0.80418 0.0191257 0.0789474 0.696914
47 0.0935792 0.657895 0.0191257 0.0773994 0.698446
60 0.549522 0.791796 0.0211749 0.0665635 0.704317
47 0.607582 0.537152 0.0184426 0.0743034 0.710735
47 0.84597 0.657895 0.0198087 0.0773994 0.712513
48 0.202869 0.660991 0.00956284 0.0773994 0.721419
54 0.386954 0.672601 0.0211749 0.0696594 0.722626
47 0.331967 0.781734 0.0218579 0.0804954 0.723277
47 0.0618169 0.904799 0.0211749 0.0820433 0.723719
55 0.0307377 0.554954 0.0218579 0.0758514 0.728031
44 0.352801 0.424923 0.0198087 0.0634675 0.734058
46 0.909495 0.678793 0.0211749 0.0727554 0.734643
47 0.16735 0.904799 0.0177596 0.0758514 0.743271
59 0.0768443 0.661765 0.0129781 0.0696594 0.745503
53 0.079918 0.791796 0.023224 0.0634675 0.755019
55 0.516052 0.435759 0.0198087 0.0758514 0.758718
46 0.315232 0.678793 0.0184426 0.0758514 0.764259
46 0.144467 0.678793 0.0198087 0.0758514 0.765552
44 0.501708 0.545666 0.0184426 0.0572755 0.765762
44 0.373292 0.793344 0.0184426 0.0603715 0.77103
47 0.537568 0.414087 0.0191257 0.0758514 0.774059
47 0.635246 0.781734 0.0191257 0.0773994 0.775566
54 0.521516 0.545666 0.0211749 0.0572755 0.775581
46 0.658811 0.553406 0.0198087 0.0758514 0.775672
46 0.413593 0.434211 0.0211749 0.0820433 0.777476
52 0.243852 0.916409 0.0273224 0.0588235 0.784464
53 0.507172 0.793344 0.0211749 0.0603715 0.785185
53 0.172814 0.791796 0.0204918 0.0510836 0.78674
46 0.214139 0.434211 0.0211749 0.0820433 0.789238
53 0.104508 0.910217 0.0204918 0.0588235 0.791783
53 0.209016 0.914087 0.0204918 0.0572755 0.793572
53 0.300888 0.791796 0.0211749 0.0603715 0.800616
46 0.512637 0.679567 0.0198087 0.0773994 0.802657
47 0.599044 0.661765 0.0204918 0.0789474 0.803025
53 0.293374 0.672601 0.022541 0.0634675 0.804519
46 0.745219 0.556502 0.0204918 0.0727554 0.807737
53 0.345287 0.545666 0.0198087 0.0572755 0.810976
54 0.689891 0.416409 0.0300546 0.0804954 0.812214
52 0.231557 0.79644 0.0286885 0.0572755 0.8137
53 0.10929 0.424149 0.0218579 0.0588235 0.814334
53 0.88832 0.670279 0.0198087 0.0526316 0.814351
53 0.637637 0.547214 0.0198087 0.0541796 0.814356
53 0.585724 0.544892 0.0198087 0.0588235 0.81675
53 0.323429 0.424149 0.0198087 0.0588235 0.820677
53 0.0795765 0.423375 0.0211749 0.0572755 0.822151
53 0.391393 0.424149 0.0204918 0.0619195 0.822387
38 0.0580601 0.794892 0.0204918 0.0696594 0.822781
54 0.766052 0.547214 0.0198087 0.0541796 0.825811
47 0.364071 0.660991 0.0218579 0.0773994 0.825835
52 0.422473 0.671053 0.0348361 0.0634675 0.826036
53 0.490437 0.670279 0.0218579 0.0588235 0.831336
47 0.130806 0.78483 0.0198087 0.0773994 0.8341
53 0.192281 0.425697 0.0211749 0.0619195 0.835343
53 0.722678 0.544892 0.0204918 0.0557276 0.846496
53 0.976093 0.544118 0.0204918 0.0541796 0.854193
52 0.604508 0.424923 0.0314208 0.0572755 0.855601
52 0.226776 0.668731 0.0300546 0.0557276 0.860416
47 0.704918 0.781734 0.0204918 0.0743034 0.865796
52 0.155396 0.426471 0.0334699 0.0603715 0.866799
53 0.866462 0.543344 0.022541 0.0619195 0.867303
53 0.485656 0.424923 0.0204918 0.0541796 0.867491
53 0.65403 0.424149 0.0198087 0.0495356 0.869433
53 0.960041 0.424149 0.0198087 0.0526316 0.890397
