43 0.996628 0.623272 0.00674374 0.0437788 0.000287204
38 0.426782 0.18318 0.0327553 0.103687 0.00036976
1 0.260597 0.470046 0.0183044 0.0829493 0.00143107
0 0.25289 0.279954 0.0144509 0.0852535 0.00269569
0 0.0125241 0.243088 0.0250482 0.154378 0.00434205
53 0.267823 0.891705 0.0192678 0.0645161 0.00472496
59 0.156069 0.895161 0.017341 0.0760369 0.00877935
54 0.192197 0.604839 0.0279383 0.09447 0.023962
28 0.318401 0.198157 0.0684008 0.198157 0.0252262
57 0.3921 0.225806 0.0211946 0.0737327 0.0289491
42 0.973988 0.607143 0.0211946 0.0668203 0.0451251
44 0.253854 0.747696 0.0183044 0.0760369 0.0703816
30 0.0168593 0.46659 0.0298651 0.0852535 0.0736561
53 0.578516 0.751152 0.0183044 0.0599078 0.0743944
42 0.790462 0.739631 0.0183044 0.078341 0.0939731
30 0.0828516 0.879032 0.026975 0.09447 0.100588
59 0.138728 0.46659 0.0211946 0.0852535 0.12151
2 0.223988 0.468894 0.0163777 0.0898618 0.143121
0 0.171002 0.476959 0.0163777 0.101382 0.14746
47 0.11079 0.741935 0.017341 0.0921659 0.159441
53 0.80106 0.474654 0.0202312 0.0691244 0.174085
58 0.648844 0.479263 0.022158 0.0737327 0.187373
40 0.0125241 0.890553 0.0211946 0.0714286 0.21796
2 0.239884 0.467742 0.0154143 0.0875576 0.245784
58 0.540944 0.609447 0.0202312 0.0668203 0.251092
45 0.033237 0.603687 0.0183044 0.0829493 0.272352
55 0.822254 0.483871 0.0202312 0.078341 0.27378
42 0.865607 0.739631 0.022158 0.078341 0.27381
19 0.722543 0.602535 0.0115607 0.0852535 0.286457
42 0.413776 0.741935 0.0202312 0.0737327 0.29714
55 0.382948 0.620968 0.0202312 0.0714286 0.300834
0 0.328035 0.874424 0.00867052 0.0898618 0.314168
0 0.27842 0.475806 0.017341 0.0990783 0.315856
30 0.0891137 0.601382 0.0240848 0.0829493 0.317937
54 0.0578035 0.179724 0.0558767 0.152074 0.324632
0 0.25578 0.201613 0.022158 0.0668203 0.341594
45 0.0322736 0.882488 0.0183044 0.0875576 0.353289
42 0.342486 0.465438 0.0163777 0.0875576 0.36472
38 0.0438343 0.467742 0.022158 0.0829493 0.366928
23 0.763006 0.604839 0.0385356 0.0806452 0.39094
58 0.644027 0.738479 0.0202312 0.0852535 0.399083
48 0.105973 0.607143 0.00963391 0.0852535 0.406752
51 0.211946 0.604839 0.0115607 0.0852535 0.414117
51 0.202312 0.881336 0.0134875 0.0898618 0.416994
42 0.975434 0.471198 0.0183044 0.0714286 0.433961
42 0.240366 0.881336 0.0202312 0.0806452 0.438565
60 0.899807 0.612903 0.0211946 0.0645161 0.44025
42 0.44605 0.46659 0.0192678 0.0760369 0.4428
48 0.430636 0.743088 0.0115607 0.0806452 0.458946
42 0.919075 0.467742 0.0211946 0.078341 0.460336
42 0.5 0.465438 0.0231214 0.0829493 0.470813
61 0.843449 0.751152 0.0202312 0.0552995 0.47418
42 0.623314 0.741935 0.0211946 0.078341 0.488833
40 0.953276 0.614055 0.0202312 0.0576037 0.492369
59 0.105491 0.199309 0.0279383 0.108295 0.498712
40 0.0139692 0.612903 0.0202312 0.0645161 0.500524
48 0.700867 0.74424 0.0105973 0.078341 0.514119
54 0.0920039 0.752304 0.0202312 0.0668203 0.515461
54 0.464836 0.475806 0.0183044 0.0576037 0.517288
44 0.706166 0.607143 0.0192678 0.0714286 0.51764
48 0.00915222 0.740783 0.00867052 0.0852535 0.536648
42 0.594412 0.47235 0.0192678 0.078341 0.537488
60 0.423892 0.476959 0.0192678 0.0645161 0.540704
42 0.690751 0.46659 0.0211946 0.0898618 0.554165
44 0.311175 0.885945 0.0192678 0.0714286 0.575348
42 0.25 0.60023 0.0202312 0.0760369 0.57771
42 0.955202 0.467742 0.0202312 0.078341 0.60078
42 0.370906 0.741935 0.0211946 0.078341 0.61715
40 0.858863 0.615207 0.0202312 0.0599078 0.620638
51 0.603083 0.601382 0.00963391 0.0875576 0.626356
53 0.0264933 0.75 0.0240848 0.0668203 0.632955
60 0.67052 0.478111 0.0192678 0.062212 0.646759
44 0.284682 0.612903 0.0202312 0.0645161 0.669814
48 0.556358 0.601382 0.0105973 0.078341 0.669876
38 0.182563 0.752304 0.0163777 0.0576037 0.670849
40 0.455684 0.753456 0.0192678 0.0645161 0.677216
57 0.228805 0.203917 0.0240848 0.0990783 0.677827
48 0.634875 0.602535 0.0115607 0.0852535 0.68386
42 0.361753 0.604839 0.0202312 0.0806452 0.687859
55 0.97447 0.760369 0.022158 0.078341 0.696592
46 0.896435 0.763825 0.0202312 0.0806452 0.725786
60 0.952794 0.752304 0.0192678 0.0576037 0.726772
42 0.811657 0.740783 0.0202312 0.0760369 0.73359
60 0.219171 0.892857 0.0202312 0.062212 0.73463
48 0.466281 0.604839 0.00963391 0.0852535 0.735278
46 0.733141 0.487327 0.0211946 0.0806452 0.735459
30 0.116089 0.467742 0.0240848 0.078341 0.736352
57 0.301541 0.751152 0.0154143 0.0599078 0.737935
46 0.116089 0.898618 0.022158 0.0921659 0.740488
46 0.122832 0.62212 0.0202312 0.0829493 0.745174
60 0.228805 0.609447 0.0202312 0.062212 0.749406
60 0.392582 0.75 0.0202312 0.062212 0.75029
42 0.163776 0.74424 0.0192678 0.078341 0.755051
59 0.307322 0.471198 0.0154143 0.0760369 0.764169
59 0.160405 0.607143 0.0144509 0.0760369 0.777115
47 0.144509 0.190092 0.0423892 0.126728 0.778219
59 0.596339 0.745392 0.0134875 0.0760369 0.781779
53 0.539499 0.475806 0.0231214 0.062212 0.783716
38 0.898362 0.478111 0.0183044 0.0668203 0.784943
59 0.393064 0.471198 0.0134875 0.0760369 0.788016
55 0.340077 0.756912 0.0211946 0.0806452 0.796738
47 0.136802 0.876728 0.0192678 0.0806452 0.799507
44 0.318401 0.751152 0.0183044 0.0599078 0.801468
38 0.13343 0.752304 0.0202312 0.0668203 0.803032
38 0.0525048 0.890553 0.0202312 0.062212 0.807815
53 0.274085 0.752304 0.0202312 0.0576037 0.809095
53 0.20183 0.748848 0.0202312 0.0599078 0.809564
53 0.233141 0.752304 0.0211946 0.062212 0.815192
38 0.619461 0.611751 0.0192678 0.0668203 0.817675
54 0.0611753 0.748848 0.0202312 0.0645161 0.818438
47 0.686416 0.601382 0.0202312 0.0829493 0.818549
53 0.717245 0.748848 0.022158 0.0645161 0.819151
53 0.573218 0.476959 0.0211946 0.0645161 0.819649
47 0.290944 0.882488 0.0211946 0.0829493 0.819794
54 0.476397 0.751152 0.0202312 0.0599078 0.823188
38 0.771195 0.75 0.0202312 0.062212 0.824914
55 0.878613 0.486175 0.0192678 0.0829493 0.826586
47 0.143064 0.603687 0.0202312 0.0829493 0.82698
44 0.55973 0.753456 0.0192678 0.0645161 0.827526
52 0.679191 0.752304 0.0327553 0.062212 0.829041
54 0.615125 0.479263 0.022158 0.0599078 0.830631
53 0.712428 0.478111 0.0202312 0.062212 0.833766
53 0.843449 0.476959 0.0202312 0.0645161 0.835321
38 0.920039 0.614055 0.0192678 0.062212 0.836253
53 0.572254 0.612903 0.0211946 0.0599078 0.837732
54 0.931599 0.751152 0.0211946 0.0599078 0.840848
53 0.403179 0.614055 0.0202312 0.0576037 0.844431
38 0.0539499 0.610599 0.0211946 0.0645161 0.845496
52 0.774566 0.475806 0.0327553 0.062212 0.847361
53 0.362235 0.473502 0.0211946 0.062212 0.847507
52 0.0722543 0.479263 0.0346821 0.0645161 0.850783
47 0.739403 0.738479 0.0202312 0.0806452 0.853856
53 0.665222 0.612903 0.0202312 0.0599078 0.854254
54 0.326108 0.610599 0.0202312 0.0552995 0.867909
52 0.444605 0.615207 0.0298651 0.0552995 0.869862
53 0.802505 0.610599 0.0211946 0.0645161 0.870445
47 0.504817 0.602535 0.0211946 0.0806452 0.872098
52 0.50289 0.75 0.0289017 0.0576037 0.872139
53 0.482659 0.611751 0.0192678 0.0576037 0.875154
47 0.879576 0.602535 0.0192678 0.0760369 0.87817
47 0.824663 0.601382 0.0192678 0.078341 0.878505
52 0.534682 0.752304 0.0308285 0.0576037 0.87953
44 0.191715 0.206221 0.0404624 0.103687 0.884116
47 0.305395 0.601382 0.0211946 0.078341 0.887924
