2 0.518174 0.425971 0.0150709 0.0606796 0.000134666
44 0.531028 0.0764563 0.0265957 0.065534 0.00014345
48 0.192376 0.930825 0.0106383 0.0898058 0.000384413
44 0.93617 0.787621 0.0248227 0.0800971 0.000452152
38 0.394504 0.339806 0.0407801 0.135922 0.00176166
13 0.292996 0.316748 0.0611702 0.245146 0.00220037
43 0.531028 0.890777 0.0106383 0.0582524 0.00902637
38 0.358156 0.365291 0.0195035 0.0995146 0.0178646
42 0.0527482 0.918689 0.016844 0.0849515 0.0819027
64 0.288121 0.792476 0.0177305 0.0898058 0.0876211
11 0.564716 0.76699 0.0248227 0.092233 0.0878715
58 0.626773 0.63835 0.0177305 0.0631068 0.104747
28 0.363918 0.0606796 0.016844 0.0728155 0.105391
3 0.316489 0.0631068 0.0177305 0.0728155 0.127634
11 0.390071 0.0631068 0.0195035 0.0728155 0.128111
50 0.774823 0.627427 0.0177305 0.0849515 0.130414
57 0.211436 0.350728 0.0221631 0.114078 0.144665
42 0.898936 0.633495 0.0195035 0.0825243 0.14802
58 0.491135 0.92233 0.0195035 0.0825243 0.159933
3 0.338652 0.0643204 0.0177305 0.0703883 0.170706
23 0.0190603 0.631068 0.0274823 0.0873786 0.19679
3 0.415337 0.0606796 0.016844 0.0679612 0.197471
48 0.407358 0.916262 0.0203901 0.0849515 0.199065
44 0.357269 0.631068 0.0159574 0.0825243 0.202848
48 0.804521 0.774272 0.0115248 0.0873786 0.210188
59 0.521277 0.774272 0.0124113 0.0776699 0.232179
54 0.45789 0.774272 0.0203901 0.0825243 0.245754
40 0.12633 0.64199 0.018617 0.065534 0.26437
42 0.812057 0.633495 0.0195035 0.0776699 0.28821
47 0.206117 0.916262 0.016844 0.0898058 0.290068
50 0.648493 0.777913 0.0150709 0.0800971 0.301065
3 0.439273 0.0618932 0.016844 0.065534 0.314429
58 0.517287 0.932039 0.0150709 0.0776699 0.320974
47 0.579344 0.629854 0.016844 0.0800971 0.335687
0 0.237589 0.349515 0.0230496 0.0582524 0.336649
42 0.691489 0.771845 0.0195035 0.0825243 0.341966
58 0.0141844 0.929612 0.0177305 0.0679612 0.344002
44 0.132979 0.785194 0.0195035 0.065534 0.353412
48 0.285904 0.632282 0.0115248 0.0849515 0.378688
48 0.151596 0.917476 0.0106383 0.092233 0.378869
61 0.718085 0.63835 0.0177305 0.0582524 0.403394
48 0.583333 0.771845 0.0106383 0.0873786 0.433741
43 0.75 0.660194 0.00886525 0.0339806 0.44167
40 0.832004 0.783981 0.018617 0.0679612 0.453754
59 0.0984043 0.347087 0.0283688 0.116505 0.455247
50 0.47828 0.625 0.018617 0.0849515 0.455673
54 0.113918 0.777913 0.018617 0.0752427 0.45711
47 0.0341312 0.773058 0.0150709 0.0849515 0.463994
42 0.174645 0.629854 0.0177305 0.0752427 0.478697
38 0.192819 0.634709 0.016844 0.0752427 0.487938
48 0.344858 0.629854 0.00886525 0.0800971 0.494185
44 0.311613 0.63835 0.018617 0.0679612 0.50336
42 0.14539 0.631068 0.0195035 0.0776699 0.50997
50 0.163121 0.768204 0.0195035 0.0849515 0.5167
42 0.437057 0.774272 0.0195035 0.0873786 0.520539
60 0.710993 0.779126 0.0195035 0.0631068 0.525457
43 0.530585 0.946602 0.00797872 0.0291262 0.527887
54 0.0580674 0.330097 0.0487589 0.150485 0.531489
40 0.375887 0.640777 0.0177305 0.0679612 0.53711
55 0.72961 0.788835 0.0177305 0.0873786 0.539764
54 0.201684 0.776699 0.018617 0.0728155 0.540641
59 0.663564 0.777913 0.0132979 0.0752427 0.543771
40 0.402039 0.640777 0.016844 0.0679612 0.547619
40 0.56117 0.637136 0.0177305 0.065534 0.553842
43 0.532801 0.800971 0.0106383 0.0291262 0.56341
54 0.488475 0.0606796 0.0230496 0.0728155 0.564488
40 0.878989 0.639563 0.018617 0.065534 0.56851
54 0.515957 0.633495 0.0177305 0.0679612 0.607767
44 0.506649 0.776699 0.016844 0.0776699 0.611072
46 0.320479 0.792476 0.0203901 0.0849515 0.632651
46 0.0416667 0.643204 0.0177305 0.0776699 0.640433
47 0.850621 0.771845 0.016844 0.0873786 0.647404
38 0.449468 0.63835 0.0177305 0.0728155 0.648816
42 0.120124 0.916262 0.018617 0.0898058 0.653078
55 0.224734 0.93932 0.0203901 0.0873786 0.663862
44 0.386525 0.78034 0.0177305 0.0800971 0.668964
46 0.0150709 0.792476 0.0195035 0.0849515 0.675606
58 0.462766 0.0631068 0.0177305 0.0679612 0.682793
47 0.792996 0.628641 0.018617 0.0825243 0.702165
44 0.736259 0.639563 0.018617 0.0606796 0.707479
38 0.699911 0.639563 0.016844 0.0558252 0.711862
46 0.176862 0.940534 0.018617 0.0849515 0.721335
59 0.774823 0.775485 0.0124113 0.0752427 0.727226
60 0.0328014 0.928398 0.0177305 0.065534 0.728292
46 0.851064 0.648058 0.0195035 0.0873786 0.731888
47 0.496897 0.627427 0.016844 0.0849515 0.732574
59 0.359486 0.776699 0.0115248 0.0776699 0.732993
44 0.74867 0.783981 0.018617 0.0631068 0.748031
46 0.0913121 0.936893 0.0195035 0.0825243 0.748548
47 0.472074 0.917476 0.018617 0.0873786 0.749109
57 0.255762 0.63835 0.0150709 0.0679612 0.749824
47 0.789894 0.771845 0.0177305 0.0873786 0.755912
44 0.250887 0.928398 0.0177305 0.065534 0.775932
53 0.21055 0.637136 0.018617 0.065534 0.776395
53 0.611259 0.782767 0.0203901 0.065534 0.776701
38 0.269504 0.78034 0.0177305 0.0703883 0.777748
38 0.597961 0.639563 0.018617 0.065534 0.77899
62 0.677748 0.639563 0.0274823 0.0558252 0.785315
53 0.0713652 0.925971 0.018617 0.0606796 0.787338
58 0.362589 0.928398 0.0159574 0.065534 0.787409
47 0.488918 0.771845 0.018617 0.0873786 0.797691
38 0.535018 0.639563 0.018617 0.065534 0.80464
44 0.645833 0.63835 0.016844 0.0582524 0.806408
47 0.229167 0.629854 0.018617 0.0849515 0.807357
47 0.182181 0.771845 0.016844 0.0825243 0.807944
53 0.444592 0.923544 0.018617 0.065534 0.808133
47 0.630319 0.773058 0.0177305 0.0849515 0.810436
47 0.420656 0.628641 0.018617 0.0873786 0.818624
47 0.25133 0.770631 0.018617 0.0898058 0.82272
53 0.831117 0.63835 0.018617 0.0631068 0.825355
44 0.0687057 0.639563 0.018617 0.065534 0.826158
53 0.406028 0.782767 0.0212766 0.0703883 0.828483
52 0.274823 0.928398 0.0283688 0.0606796 0.832925
44 0.307181 0.930825 0.016844 0.065534 0.833296
52 0.330674 0.930825 0.0265957 0.0606796 0.834472
53 0.0514184 0.783981 0.0195035 0.0631068 0.834855
52 0.0926418 0.639563 0.0292553 0.065534 0.848492
47 0.132979 0.334951 0.0336879 0.135922 0.849214
52 0.0886525 0.785194 0.0301418 0.0606796 0.852238
38 0.220745 0.781553 0.0177305 0.0631068 0.854337
47 0.329787 0.627427 0.0177305 0.0800971 0.855121
44 0.177305 0.354369 0.035461 0.101942 0.881797
52 0.891844 0.782767 0.0319149 0.0606796 0.882728
