0 0.00177305 0.783981 0.0035461 0.0776699 0.000102406
57 0.00221631 0.662621 0.00443262 0.0728155 0.000136163
53 0.878546 0.790049 0.0177305 0.065534 0.000683542
44 0.336879 0.396845 0.0195035 0.0752427 0.000951006
54 0.391401 0.350728 0.0328014 0.0849515 0.00154233
46 0.747784 0.657767 0.018617 0.092233 0.00427528
44 0.937057 0.798544 0.0265957 0.0873786 0.0113455
48 0.097961 0.645631 0.00975177 0.0728155 0.0133882
17 0.298316 0.345874 0.054078 0.186893 0.0157889
55 0.134309 0.798544 0.018617 0.0873786 0.0466687
58 0.550975 0.639563 0.016844 0.0849515 0.0586243
58 0.321365 0.639563 0.016844 0.0800971 0.0672974
42 0.343972 0.788835 0.0159574 0.0776699 0.087223
47 0.464982 0.640777 0.016844 0.0873786 0.103686
3 0.371897 0.64199 0.018617 0.0800971 0.104384
25 0.363918 0.0752427 0.018617 0.0728155 0.105712
38 0.359486 0.385922 0.016844 0.0873786 0.113819
50 0.617021 0.64199 0.0195035 0.0800971 0.124462
3 0.415337 0.0776699 0.016844 0.0679612 0.13146
58 0.514184 0.640777 0.0177305 0.0825243 0.132553
11 0.613032 0.790049 0.0239362 0.0898058 0.132831
11 0.300532 0.785194 0.0195035 0.0800971 0.148033
54 0.27172 0.644417 0.0257092 0.0800971 0.155186
19 0.421099 0.64199 0.0159574 0.0898058 0.162983
48 0.189716 0.788835 0.0070922 0.0873786 0.180167
53 0.880319 0.650485 0.0195035 0.0679612 0.180749
3 0.316489 0.0788835 0.0177305 0.0703883 0.189156
42 0.214539 0.645631 0.0177305 0.0776699 0.193418
58 0.338652 0.0752427 0.0177305 0.0679612 0.233122
11 0.389628 0.0788835 0.0203901 0.0703883 0.236695
13 0.018617 0.644417 0.0265957 0.0898058 0.243255
44 0.477837 0.796117 0.0177305 0.0631068 0.244205
54 0.27039 0.793689 0.0195035 0.0679612 0.251697
43 0.0762411 0.966019 0.0141844 0.038835 0.255594
2 0.388298 0.63835 0.0141844 0.092233 0.268796
55 0.570479 0.643204 0.018617 0.0825243 0.28714
51 0.448582 0.64199 0.0106383 0.0898058 0.29418
58 0.43883 0.0752427 0.0177305 0.0679612 0.326564
57 0.211879 0.362864 0.0195035 0.0995146 0.368266
54 0.489362 0.0764563 0.0248227 0.0752427 0.386602
38 0.202571 0.796117 0.018617 0.0631068 0.396912
46 0.73227 0.800971 0.0177305 0.0728155 0.400762
46 0.634309 0.803398 0.016844 0.0825243 0.402721
57 0.195479 0.651699 0.016844 0.065534 0.406934
54 0.0421099 0.648058 0.018617 0.0728155 0.424573
44 0.551862 0.788835 0.016844 0.0825243 0.430539
0 0.237589 0.370146 0.0177305 0.0412621 0.44323
43 0.589539 0.654126 0.0141844 0.026699 0.455517
42 0.686614 0.644417 0.0203901 0.0849515 0.460221
54 0.0585106 0.345874 0.0496454 0.148058 0.460362
40 0.483599 0.649272 0.018617 0.0703883 0.476434
59 0.0984043 0.35801 0.0265957 0.114078 0.481008
48 0.22961 0.644417 0.00886525 0.0800971 0.489877
44 0.76906 0.796117 0.018617 0.0631068 0.502096
42 0.693262 0.785194 0.0177305 0.0849515 0.506934
59 0.677748 0.786408 0.00975177 0.0776699 0.510603
42 0.25133 0.785194 0.018617 0.0800971 0.530066
40 0.0611702 0.65534 0.0177305 0.0631068 0.53606
42 0.175089 0.786408 0.018617 0.0825243 0.552177
40 0.667553 0.652913 0.0177305 0.0631068 0.552274
60 0.339982 0.646845 0.0203901 0.065534 0.560058
43 0.239805 0.677184 0.00975177 0.0339806 0.560883
51 0.717642 0.782767 0.00975177 0.0898058 0.565585
43 0.58422 0.816748 0.00886525 0.0315534 0.576706
48 0.746011 0.783981 0.00797872 0.0873786 0.577614
48 0.863032 0.786408 0.00975177 0.0873786 0.601452
59 0.149823 0.790049 0.0106383 0.0703883 0.60569
59 0.087766 0.645631 0.0106383 0.0776699 0.634444
42 0.392287 0.790049 0.018617 0.0849515 0.641688
58 0.462323 0.0788835 0.018617 0.0703883 0.642126
48 0.307624 0.646845 0.0070922 0.0800971 0.648672
42 0.860372 0.644417 0.018617 0.0800971 0.66998
46 0.449468 0.808252 0.0195035 0.0825243 0.676063
48 0.0394504 0.782767 0.0115248 0.0849515 0.708278
60 0.515071 0.794903 0.0195035 0.065534 0.734554
42 0.79211 0.640777 0.018617 0.0825243 0.750024
47 0.29344 0.640777 0.0177305 0.0776699 0.777843
46 0.176418 0.665049 0.0195035 0.0825243 0.78735
38 0.900266 0.650485 0.018617 0.0679612 0.794281
53 0.570035 0.799757 0.0195035 0.065534 0.796694
47 0.533245 0.639563 0.018617 0.0849515 0.800231
59 0.763741 0.646845 0.0132979 0.0752427 0.806805
47 0.496011 0.782767 0.018617 0.0849515 0.810865
53 0.652482 0.79733 0.0195035 0.0606796 0.816446
64 0.534131 0.809466 0.018617 0.0849515 0.817659
47 0.636968 0.640777 0.018617 0.0825243 0.823393
54 0.808954 0.800971 0.0203901 0.0679612 0.825886
47 0.134309 0.349515 0.0363475 0.135922 0.828896
53 0.429078 0.796117 0.0195035 0.0679612 0.835312
53 0.827571 0.652913 0.0203901 0.0631068 0.836724
47 0.221631 0.781553 0.0177305 0.0825243 0.839435
52 0.843085 0.79733 0.0283688 0.0606796 0.840036
58 0.327128 0.796117 0.0141844 0.0631068 0.842598
47 0.0749113 0.787621 0.018617 0.0849515 0.846605
52 0.109486 0.799757 0.0274823 0.0558252 0.846949
53 0.156472 0.652913 0.018617 0.0582524 0.858299
38 0.0518617 0.944175 0.016844 0.0679612 0.860821
52 0.722074 0.656553 0.0292553 0.065534 0.863855
53 0.0146277 0.942961 0.018617 0.0606796 0.86941
52 0.0190603 0.79733 0.0274823 0.0606796 0.870253
47 0.0336879 0.930825 0.0177305 0.0849515 0.872201
52 0.118351 0.65534 0.0274823 0.0582524 0.872491
47 0.788564 0.783981 0.018617 0.0825243 0.873209
53 0.361702 0.792476 0.0177305 0.0606796 0.873276
53 0.0545213 0.794903 0.018617 0.0606796 0.874508
47 0.897606 0.783981 0.0203901 0.0873786 0.878497
44 0.177305 0.366505 0.035461 0.106796 0.88227
