54 0.274621 0.646175 0.0094697 0.0737705 0.000102948
47 0.491951 0.586066 0.0142045 0.139344 0.000121815
51 0.00284091 0.424863 0.00568182 0.101093 0.0001364
43 0.63447 0.796448 0.0132576 0.0737705 0.000139378
54 0.829072 0.771858 0.0179924 0.0846995 0.000317817
44 0.643466 0.631148 0.0160985 0.0765027 0.000384984
42 0.257102 0.439891 0.0179924 0.0928962 0.000417641
0 0.584754 0.637978 0.0104167 0.106557 0.000440098
55 0.0132576 0.224044 0.0246212 0.0983607 0.000920645
43 0.499527 0.789617 0.0142045 0.0765027 0.00150345
43 0.0852273 0.825137 0.0113636 0.0437158 0.00275402
54 0.425663 0.118852 0.03125 0.128415 0.00384924
0 0.991004 0.23224 0.0179924 0.0928962 0.00388501
42 0.92661 0.605191 0.0179924 0.101093 0.0043086
1 0.771307 0.601093 0.0217803 0.0928962 0.00525242
42 0.442708 0.76776 0.0160985 0.103825 0.00682772
60 0.191288 0.618852 0.0189394 0.0846995 0.0113893
42 0.405777 0.602459 0.0217803 0.101093 0.0151151
25 0.317235 0.113388 0.0625 0.226776 0.0155521
42 0.238163 0.603825 0.0160985 0.114754 0.0168534
42 0.183239 0.763661 0.0179924 0.106557 0.0200813
0 0.988163 0.622951 0.0179924 0.120219 0.0418364
46 0.610322 0.945355 0.0160985 0.0874317 0.0788604
0 0.34233 0.754098 0.0179924 0.0710383 0.094256
47 0.0288826 0.76776 0.0179924 0.0928962 0.0996937
54 0.387311 0.157104 0.0189394 0.0846995 0.101018
46 0.624053 0.624317 0.0208333 0.0901639 0.11051
42 0.561553 0.931694 0.0170455 0.0983607 0.111747
58 0.817708 0.602459 0.0217803 0.101093 0.117162
42 0.292614 0.606557 0.0227273 0.0983607 0.130145
60 0.422822 0.941257 0.0179924 0.079235 0.131508
59 0.363163 0.751366 0.0160985 0.0765027 0.141419
42 0.387311 0.441257 0.0170455 0.106557 0.142936
0 0.383049 0.75 0.0198864 0.0737705 0.157411
42 0.567235 0.45082 0.0189394 0.0983607 0.159359
58 0.651042 0.77459 0.0198864 0.0737705 0.18611
3 0.698864 0.601093 0.0208333 0.0983607 0.198043
50 0.327652 0.599727 0.0208333 0.101093 0.218497
2 0.75 0.603825 0.0170455 0.114754 0.2279
0 0.95928 0.614754 0.0246212 0.120219 0.237495
29 0.567708 0.603825 0.0236742 0.114754 0.238013
47 0.0482955 0.770492 0.0189394 0.0928962 0.251657
46 0.642519 0.456284 0.0179924 0.0983607 0.252009
38 0.670928 0.770492 0.0198864 0.0928962 0.285553
50 0.121212 0.435792 0.0189394 0.101093 0.304086
38 0.0369318 0.61612 0.0189394 0.0956284 0.313661
2 0.719223 0.601093 0.0160985 0.103825 0.318827
54 0.162405 0.446721 0.0198864 0.0901639 0.338456
50 0.789299 0.766393 0.0198864 0.101093 0.339116
47 0.749527 0.766393 0.0198864 0.101093 0.340249
42 0.941761 0.446721 0.0179924 0.101093 0.346634
44 0.014678 0.939891 0.0198864 0.0765027 0.350017
40 0.0696023 0.775956 0.0198864 0.0765027 0.369768
43 0.625 0.954918 0.0094697 0.0355191 0.397223
43 0.478693 0.801913 0.0104167 0.0409836 0.403777
43 0.787405 0.632514 0.0104167 0.0355191 0.406037
53 0.0553977 0.939891 0.0198864 0.0819672 0.407612
43 0.735322 0.63388 0.0104167 0.0437158 0.409133
42 0.78125 0.442623 0.0189394 0.0928962 0.411428
48 0.166667 0.930328 0.0113636 0.106557 0.424725
42 0.542614 0.927596 0.0208333 0.0956284 0.428591
40 0.106061 0.773224 0.0208333 0.0765027 0.443434
59 0.475852 0.612022 0.0160985 0.0874317 0.467384
44 0.613636 0.773224 0.0208333 0.0874317 0.481731
54 0.0762311 0.939891 0.0198864 0.0819672 0.489196
54 0.0653409 0.114754 0.0549242 0.147541 0.491346
40 0.293087 0.938525 0.0179924 0.0737705 0.494808
57 0.22964 0.129781 0.0217803 0.117486 0.494907
0 0.253314 0.125683 0.0217803 0.0819672 0.49954
23 0.0250947 0.441257 0.0369318 0.0901639 0.507218
46 0.53267 0.627049 0.0217803 0.112022 0.513138
64 0.462121 0.781421 0.0208333 0.0928962 0.517149
59 0.268939 0.93306 0.0132576 0.0901639 0.518465
40 0.144413 0.77459 0.0198864 0.079235 0.518872
48 0.964962 0.762295 0.0132576 0.10929 0.52227
40 0.238636 0.449454 0.0189394 0.0737705 0.522923
60 0.303504 0.770492 0.0217803 0.0819672 0.529392
44 0.70786 0.780055 0.0198864 0.079235 0.53463
44 0.367898 0.453552 0.0198864 0.0819672 0.542523
42 0.0175189 0.603825 0.0198864 0.0983607 0.552474
46 0.871686 0.788251 0.0217803 0.101093 0.559166
46 0.473011 0.949454 0.0198864 0.0956284 0.564969
55 0.445549 0.624317 0.0198864 0.101093 0.56633
59 0.221117 0.60929 0.0160985 0.103825 0.57404
46 0.462595 0.464481 0.0198864 0.0983607 0.585825
55 0.256155 0.622951 0.0179924 0.0928962 0.592978
60 0.581439 0.938525 0.0227273 0.0846995 0.594118
42 0.759943 0.442623 0.0217803 0.0983607 0.59582
59 0.174242 0.60929 0.0151515 0.0983607 0.605285
64 0.961174 0.465847 0.0208333 0.101093 0.614695
59 0.577178 0.773224 0.0160985 0.103825 0.627707
42 0.423295 0.766393 0.0208333 0.0956284 0.634322
42 0.62358 0.442623 0.0198864 0.103825 0.657439
46 0.204545 0.465847 0.0208333 0.0956284 0.66041
59 0.730587 0.443989 0.0160985 0.101093 0.669252
44 0.425663 0.60929 0.0179924 0.0983607 0.678122
47 0.931818 0.766393 0.0189394 0.101093 0.685904
64 0.588542 0.461749 0.0217803 0.103825 0.68643
60 0.80161 0.448087 0.0198864 0.0765027 0.688777
47 0.145833 0.113388 0.0416667 0.144809 0.695345
64 0.542614 0.782787 0.0227273 0.112022 0.695721
59 0.143939 0.934426 0.0132576 0.0983607 0.697048
46 0.119318 0.95082 0.0208333 0.0983607 0.70229
53 0.362689 0.941257 0.0208333 0.079235 0.706558
47 0.281723 0.76776 0.0217803 0.0983607 0.708513
47 0.348485 0.598361 0.0208333 0.103825 0.716156
60 0.33428 0.45082 0.0208333 0.0765027 0.719269
55 0.909564 0.788251 0.0217803 0.101093 0.721746
64 0.663352 0.624317 0.0217803 0.101093 0.725274
47 0.3125 0.928962 0.0189394 0.0983607 0.73022
59 0.0127841 0.76776 0.0142045 0.0928962 0.731143
44 0.513258 0.939891 0.0189394 0.0765027 0.741853
47 0.69697 0.437158 0.0208333 0.10929 0.742545
53 0.602273 0.614754 0.0227273 0.0819672 0.743522
44 0.503788 0.449454 0.0227273 0.0846995 0.749859
38 0.201705 0.780055 0.0189394 0.0901639 0.750017
60 0.371212 0.612022 0.0227273 0.0765027 0.752612
47 0.809186 0.762295 0.0198864 0.0983607 0.754246
53 0.510417 0.617486 0.0208333 0.0819672 0.757706
53 0.0975379 0.941257 0.0208333 0.079235 0.759925
60 0.407197 0.449454 0.0208333 0.079235 0.762371
38 0.838542 0.61612 0.0179924 0.079235 0.762903
54 0.33428 0.941257 0.0227273 0.0737705 0.765783
47 0.493845 0.93306 0.0198864 0.101093 0.770818
38 0.403883 0.939891 0.0198864 0.0819672 0.773927
52 0.899621 0.613388 0.0359848 0.0846995 0.776208
47 0.728693 0.765027 0.0198864 0.0983607 0.778286
47 0.0355114 0.931694 0.0198864 0.0983607 0.780323
54 0.858902 0.617486 0.0208333 0.0765027 0.781219
47 0.235795 0.930328 0.0208333 0.0956284 0.78175
53 0.182765 0.452186 0.0208333 0.0737705 0.787204
47 0.141098 0.438525 0.0189394 0.101093 0.788667
47 0.482955 0.439891 0.0189394 0.103825 0.792337
53 0.184659 0.938525 0.0227273 0.079235 0.793893
47 0.383996 0.931694 0.0198864 0.0983607 0.794682
53 0.849905 0.77459 0.0217803 0.0737705 0.796236
53 0.835701 0.449454 0.0198864 0.079235 0.801836
53 0.452652 0.941257 0.0208333 0.079235 0.802188
47 0.0866477 0.434426 0.0217803 0.0983607 0.805431
53 0.0643939 0.446721 0.0208333 0.0737705 0.807316
53 0.291667 0.453552 0.0208333 0.0765027 0.812052
47 0.206439 0.930328 0.0208333 0.101093 0.816779
47 0.857008 0.442623 0.0189394 0.0928962 0.817111
53 0.441288 0.454918 0.0208333 0.079235 0.818214
52 0.541667 0.454918 0.032197 0.079235 0.819198
38 0.876894 0.453552 0.0189394 0.0819672 0.820141
53 0.662879 0.449454 0.0227273 0.079235 0.828264
53 0.260417 0.777322 0.0208333 0.079235 0.831141
47 0.313447 0.439891 0.0189394 0.0983607 0.832838
52 0.137311 0.613388 0.0340909 0.079235 0.836474
53 0.0568182 0.613388 0.0208333 0.0737705 0.841704
53 0.0918561 0.61612 0.0208333 0.0737705 0.844315
52 0.916193 0.454918 0.03125 0.079235 0.845729
53 0.220644 0.773224 0.0189394 0.0765027 0.856122
44 0.191761 0.132514 0.0407197 0.128415 0.856783
