38 0.996117 0.293367 0.00776699 0.107143 0.000261247
3 0.121359 0.257653 0.0174757 0.188776 0.000708502
54 0.46165 0.57398 0.0184466 0.178571 0.00206845
38 0.0548544 0.602041 0.0165049 0.163265 0.00856211
42 0.147573 0.869898 0.0174757 0.168367 0.0132322
48 0.490777 0.877551 0.0184466 0.163265 0.0258622
60 0.141262 0.581633 0.0184466 0.142857 0.0410176
38 0.231068 0.561224 0.0174757 0.183673 0.0538124
59 0.533495 0.27551 0.0126214 0.153061 0.0844337
50 0.58301 0.558673 0.0223301 0.188776 0.104334
50 0.970388 0.566327 0.0184466 0.173469 0.121954
47 0.75 0.558673 0.0203883 0.168367 0.131286
3 0.541262 0.566327 0.0203883 0.193878 0.140896
64 0.352913 0.892857 0.0223301 0.153061 0.141741
2 0.189806 0.257653 0.0223301 0.188776 0.143188
1 0.230583 0.257653 0.0223301 0.178571 0.161802
44 0.444175 0.272959 0.0184466 0.178571 0.193878
0 0.307282 0.563776 0.0203883 0.178571 0.205363
42 0.317476 0.265306 0.0213592 0.163265 0.211118
38 0.384951 0.553571 0.0223301 0.19898 0.212281
13 0.0184466 0.260204 0.0291262 0.193878 0.21656
54 0.848058 0.566327 0.0223301 0.163265 0.21685
58 0.153884 0.260204 0.0223301 0.204082 0.240188
2 0.209709 0.255102 0.015534 0.193878 0.243324
50 0.630583 0.556122 0.0203883 0.173469 0.275828
44 0.370874 0.257653 0.0194175 0.188776 0.288642
42 0.671359 0.561224 0.0203883 0.163265 0.29613
42 0.747573 0.257653 0.023301 0.188776 0.301599
48 0.507282 0.869898 0.0126214 0.188776 0.338565
58 0.562621 0.553571 0.0184466 0.158163 0.363734
40 0.076699 0.887755 0.0194175 0.132653 0.389202
42 0.35 0.257653 0.0223301 0.178571 0.411552
43 0.6 0.630102 0.0116505 0.0969388 0.418735
48 0.898544 0.556122 0.0106796 0.173469 0.424551
61 0.858738 0.280612 0.0223301 0.132653 0.425074
61 0.469903 0.892857 0.0213592 0.132653 0.428451
44 0.899515 0.27551 0.0203883 0.142857 0.430621
55 0.713107 0.293367 0.0223301 0.178571 0.440313
44 0.595631 0.285714 0.0203883 0.142857 0.462798
40 0.498058 0.280612 0.0194175 0.142857 0.46713
42 0.0145631 0.859694 0.0213592 0.188776 0.475306
59 0.986408 0.571429 0.0135922 0.173469 0.476194
48 0.766505 0.558673 0.00873786 0.168367 0.482464
57 0.880097 0.288265 0.0184466 0.168367 0.486465
55 0.0563107 0.90051 0.0194175 0.178571 0.506687
51 0.623301 0.257653 0.00970874 0.188776 0.526884
50 0.105825 0.862245 0.0194175 0.173469 0.530145
38 0.517476 0.278061 0.0174757 0.147959 0.559514
50 0.780583 0.257653 0.0213592 0.178571 0.562035
40 0.1 0.584184 0.0194175 0.127551 0.565195
59 0.798058 0.571429 0.0135922 0.163265 0.567097
40 0.342233 0.581633 0.0223301 0.142857 0.581305
46 0.271845 0.607143 0.0213592 0.183673 0.581819
60 0.424757 0.283163 0.0203883 0.147959 0.602287
38 0.531068 0.897959 0.0213592 0.173469 0.617428
48 0.369417 0.872449 0.0106796 0.183673 0.632726
51 0.41165 0.867347 0.00970874 0.183673 0.639735
40 0.296117 0.283163 0.0194175 0.127551 0.640775
60 0.0359223 0.882653 0.0194175 0.132653 0.648665
40 0.826699 0.581633 0.0203883 0.132653 0.650628
40 0.219417 0.890306 0.0194175 0.127551 0.65594
46 0.505825 0.609694 0.0213592 0.178571 0.668284
44 0.0427184 0.280612 0.0194175 0.142857 0.670043
55 0.419417 0.607143 0.023301 0.193878 0.704058
44 0.781068 0.568878 0.0184466 0.158163 0.716363
59 0.216019 0.57398 0.0126214 0.147959 0.726851
55 0.658252 0.306122 0.0194175 0.173469 0.72878
46 0.184466 0.612245 0.0213592 0.183673 0.7332
47 0.981068 0.257653 0.0203883 0.168367 0.733527
48 0.943689 0.260204 0.00970874 0.173469 0.734716
38 0.63932 0.280612 0.0184466 0.142857 0.740893
46 0.714563 0.604592 0.0213592 0.168367 0.745751
58 0.929612 0.280612 0.0184466 0.142857 0.759368
59 0.104369 0.265306 0.0145631 0.173469 0.765423
60 0.823786 0.278061 0.0223301 0.127551 0.770167
47 0.650485 0.556122 0.0194175 0.173469 0.774404
46 0.190291 0.910714 0.0213592 0.178571 0.776106
38 0.42767 0.887755 0.0203883 0.153061 0.779578
59 0.0703883 0.568878 0.0126214 0.147959 0.784238
47 0.441748 0.566327 0.0213592 0.183673 0.784982
55 0.402913 0.303571 0.0213592 0.188776 0.790026
47 0.126699 0.862245 0.0203883 0.173469 0.792569
58 0.558252 0.285714 0.0174757 0.132653 0.794483
53 0.483981 0.584184 0.0223301 0.147959 0.795083
47 0.363107 0.558673 0.0194175 0.188776 0.796073
54 0.261165 0.895408 0.0213592 0.137755 0.802194
44 0.28932 0.895408 0.0194175 0.137755 0.80266
53 0.464563 0.280612 0.0203883 0.153061 0.806507
47 0.950971 0.563776 0.0203883 0.178571 0.80701
54 0.690777 0.283163 0.0223301 0.147959 0.810407
53 0.385922 0.887755 0.0223301 0.132653 0.816247
38 0.88301 0.581633 0.0203883 0.142857 0.825292
53 0.167961 0.890306 0.0213592 0.137755 0.826379
54 0.0359223 0.586735 0.0213592 0.132653 0.828087
53 0.25 0.586735 0.0203883 0.132653 0.83387
53 0.161165 0.581633 0.0213592 0.142857 0.834804
47 0.0145631 0.553571 0.0194175 0.178571 0.83583
52 0.316505 0.892857 0.0330097 0.132653 0.844197
53 0.929612 0.581633 0.0203883 0.142857 0.844411
47 0.801456 0.255102 0.0203883 0.173469 0.850134
53 0.692233 0.584184 0.0213592 0.127551 0.855569
53 0.959709 0.283163 0.0203883 0.137755 0.856002
44 0.264078 0.280612 0.0213592 0.142857 0.859122
52 0.0684466 0.285714 0.0320388 0.122449 0.860702
47 0.23932 0.859694 0.0203883 0.178571 0.86467
47 0.120874 0.558673 0.0203883 0.168367 0.877293
