0 0.320686 0.0582627 0.0280665 0.0699153 0.00010215
59 0.14553 0.940678 0.00831601 0.0932203 0.000114769
47 0.994802 0.0847458 0.00831601 0.0677966 0.000133748
58 0.00519751 0.266949 0.010395 0.0847458 0.000142104
59 0.684511 0.736229 0.0135135 0.0741525 0.000149628
60 0.592516 0.0561441 0.024948 0.0699153 0.000166713
43 0.149688 0.657839 0.00831601 0.0317797 0.000256918
54 0.0109148 0.768008 0.0218295 0.0699153 0.000271707
42 0.237526 0.509534 0.0176715 0.0699153 0.00048548
54 0.571726 0.845339 0.018711 0.0677966 0.00123305
0 0.622661 0.643008 0.00831601 0.0402542 0.00127958
44 0.0992723 0.301907 0.0550936 0.17161 0.00166842
0 0.721414 0.726695 0.02079 0.0677966 0.00172023
47 0.991164 0.514831 0.0176715 0.059322 0.00228019
53 0.454782 0.306144 0.0259875 0.095339 0.00250734
58 0.123701 0.743644 0.014553 0.0635593 0.00389068
0 0.654366 0.279661 0.0322245 0.144068 0.0042346
54 0.347193 0.742585 0.016632 0.0487288 0.00609151
0 0.0420998 0.943856 0.0259875 0.0699153 0.00918903
54 0.726092 0.852754 0.0176715 0.0614407 0.009336
0 0.47973 0.837924 0.0176715 0.0699153 0.0109324
38 0.0129938 0.516949 0.0197505 0.0720339 0.0159312
48 0.575884 0.505297 0.012474 0.0614407 0.0168085
48 0.260915 0.610169 0.014553 0.0889831 0.0197173
44 0.359148 0.284958 0.0613306 0.150424 0.0226605
42 0.308212 0.620763 0.0197505 0.0635593 0.0274003
59 0.142931 0.293432 0.0301455 0.116525 0.0320983
43 0.761434 0.856992 0.0114345 0.0360169 0.0502004
42 0.194906 0.620763 0.0176715 0.0677966 0.0579519
46 0.217256 0.529661 0.02079 0.0635593 0.0601908
42 0.447505 0.510593 0.0197505 0.059322 0.0882031
47 0.845634 0.622881 0.0176715 0.0677966 0.107413
42 0.120062 0.614407 0.0280665 0.0805085 0.110776
38 0.360707 0.0572034 0.02079 0.0635593 0.12495
42 0.191788 0.952331 0.0176715 0.065678 0.126597
1 0.446466 0.0550847 0.0218295 0.0635593 0.129118
54 0.0550936 0.733051 0.02079 0.059322 0.133438
38 0.0161123 0.960805 0.0239085 0.0614407 0.135948
11 0.902287 0.512712 0.029106 0.0635593 0.139241
47 0.41736 0.838983 0.0176715 0.0677966 0.156956
53 0.373701 0.514831 0.0197505 0.0635593 0.159905
0 0.348753 0.952331 0.0218295 0.0741525 0.166324
47 0.0992723 0.726695 0.0176715 0.0720339 0.171182
44 0.327443 0.954449 0.018711 0.065678 0.183349
38 0.477131 0.0561441 0.02079 0.0572034 0.1842
38 0.632536 0.513771 0.0218295 0.065678 0.196496
0 0.0930353 0.632415 0.0176715 0.0572034 0.196796
54 0.293659 0.315678 0.0571726 0.118644 0.226118
46 0.225572 0.630297 0.018711 0.065678 0.229867
60 0.551975 0.848517 0.02079 0.0572034 0.241159
44 0.273909 0.954449 0.0197505 0.065678 0.260668
55 0.821726 0.51589 0.0280665 0.0783898 0.270291
42 0.0873181 0.951271 0.02079 0.0677966 0.291576
54 0.239085 0.293432 0.0519751 0.129237 0.295418
23 0.724532 0.510593 0.037422 0.0762712 0.299758
53 0.185031 0.298729 0.045738 0.114407 0.304393
54 0.154886 0.845339 0.02079 0.059322 0.30936
59 0.825364 0.728814 0.02079 0.0720339 0.320057
44 0.613825 0.295551 0.0446985 0.125 0.321048
55 0.622141 0.745763 0.0197505 0.0635593 0.321971
42 0.93711 0.513771 0.0197505 0.0614407 0.32477
38 0.784823 0.623941 0.018711 0.0614407 0.327854
42 0.680873 0.622881 0.02079 0.0720339 0.32887
54 0.774428 0.740466 0.02079 0.0699153 0.332502
40 0.674636 0.849576 0.018711 0.0508475 0.334292
42 0.45894 0.84322 0.0218295 0.0762712 0.336753
48 0.163721 0.73411 0.0114345 0.0699153 0.338352
47 0.332121 0.84322 0.0218295 0.0805085 0.339323
48 0.210499 0.621822 0.0114345 0.0699153 0.342278
42 0.0379418 0.841102 0.0280665 0.0720339 0.344648
38 0.452703 0.618644 0.0218295 0.0635593 0.351241
48 0.575364 0.729873 0.0114345 0.065678 0.357176
42 0.932432 0.619703 0.024948 0.0783898 0.380719
54 0.282225 0.847458 0.0218295 0.059322 0.39595
48 0.799896 0.615466 0.00935551 0.0741525 0.407154
43 0.923597 0.747881 0.00727651 0.0211864 0.409657
50 0.553015 0.619703 0.018711 0.065678 0.417401
40 0.825364 0.627119 0.02079 0.0550847 0.42294
54 0.567048 0.301907 0.0488565 0.103814 0.447939
42 0.0389813 0.513771 0.0259875 0.0741525 0.456183
42 0.380457 0.617585 0.027027 0.0741525 0.45693
48 0.588877 0.842161 0.00935551 0.0741525 0.464256
43 0.902807 0.645127 0.00727651 0.0233051 0.465935
48 0.254158 0.509534 0.0114345 0.0699153 0.468915
38 0.278586 0.621822 0.02079 0.0699153 0.473249
50 0.615385 0.841102 0.02079 0.0677966 0.474627
38 0.276507 0.735169 0.018711 0.0677966 0.482701
54 0.558212 0.73411 0.018711 0.0572034 0.493443
40 0.37526 0.849576 0.018711 0.0550847 0.496121
44 0.794699 0.736229 0.0197505 0.0529661 0.496395
47 0.179314 0.730932 0.0197505 0.0677966 0.497411
48 0.431913 0.838983 0.0114345 0.0720339 0.503399
50 0.113306 0.841102 0.02079 0.0720339 0.503726
40 0.0348233 0.739407 0.0197505 0.0550847 0.506262
48 0.696985 0.620763 0.0114345 0.0720339 0.533241
51 0.260915 0.730932 0.010395 0.0720339 0.538282
46 0.908004 0.747881 0.0218295 0.0677966 0.542752
60 0.753638 0.736229 0.02079 0.0572034 0.546028
42 0.430873 0.618644 0.0218295 0.0677966 0.564522
54 0.452183 0.739407 0.02079 0.0677966 0.565786
46 0.129418 0.966102 0.0197505 0.0677966 0.566761
54 0.496362 0.309322 0.0509356 0.105932 0.567629
42 0.482848 0.618644 0.0197505 0.0677966 0.5695
59 0.274948 0.51589 0.0135135 0.0699153 0.572145
30 0.785863 0.509534 0.027027 0.0699153 0.574387
38 0.559771 0.516949 0.0176715 0.0635593 0.577454
40 0.165281 0.626059 0.02079 0.0529661 0.579025
47 0.172037 0.949153 0.0197505 0.0720339 0.585502
44 0.641372 0.738347 0.018711 0.0487288 0.590735
53 0.507796 0.848517 0.0218295 0.0572034 0.597664
60 0.260395 0.847458 0.0197505 0.0550847 0.605569
46 0.955301 0.631356 0.018711 0.0635593 0.60901
44 0.418919 0.299788 0.043659 0.112288 0.612853
59 0.155405 0.951271 0.0114345 0.0635593 0.627535
38 0.0628898 0.525424 0.0197505 0.059322 0.627556
38 0.655925 0.847458 0.018711 0.059322 0.641304
48 0.468295 0.730932 0.0114345 0.0677966 0.642555
48 0.569647 0.619703 0.010395 0.0699153 0.64516
59 0.66684 0.736229 0.0135135 0.0614407 0.650442
54 0.690748 0.511653 0.0301455 0.0699153 0.651245
58 0.387214 0.0550847 0.0218295 0.0635593 0.653094
44 0.745322 0.850636 0.018711 0.0572034 0.669956
55 0.417879 0.0625 0.022869 0.0741525 0.671535
46 0.197505 0.861229 0.018711 0.065678 0.674516
59 0.241684 0.622881 0.0135135 0.0677966 0.682536
38 0.0618503 0.853814 0.0176715 0.0635593 0.690369
55 0.701663 0.748941 0.018711 0.065678 0.694059
59 0.0816008 0.731992 0.0155925 0.065678 0.694677
60 0.0566528 0.629237 0.0197505 0.059322 0.70236
55 0.0343035 0.638771 0.02079 0.065678 0.707179
60 0.535863 0.742585 0.0197505 0.0529661 0.713091
46 0.887214 0.635593 0.0197505 0.0677966 0.713411
38 0.326923 0.631356 0.0176715 0.059322 0.715901
48 0.206861 0.729873 0.010395 0.065678 0.716489
58 0.849272 0.513771 0.02079 0.065678 0.717242
54 0.35447 0.855932 0.02079 0.0635593 0.718038
59 0.400208 0.845339 0.014553 0.0677966 0.719121
46 0.41684 0.528602 0.02079 0.0699153 0.725236
48 0.532225 0.287076 0.02079 0.133475 0.73456
44 0.35447 0.520127 0.018711 0.0572034 0.736728
47 0.845634 0.728814 0.0197505 0.0677966 0.73734
47 0.608108 0.620763 0.018711 0.0677966 0.740812
46 0.319127 0.747881 0.02079 0.0677966 0.743924
54 0.388254 0.738347 0.0197505 0.0572034 0.748477
55 0.517672 0.529661 0.02079 0.0677966 0.753448
30 0.873701 0.512712 0.0259875 0.0677966 0.760295
53 0.212058 0.957627 0.02079 0.0508475 0.762674
53 0.112786 0.521186 0.0197505 0.0508475 0.762806
54 0.56289 0.0572034 0.0280665 0.0635593 0.763447
44 0.466736 0.519068 0.018711 0.0550847 0.767326
53 0.295218 0.956568 0.02079 0.0529661 0.772408
52 0.246881 0.957627 0.0322245 0.0550847 0.775942
47 0.600832 0.731992 0.018711 0.065678 0.78058
46 0.147089 0.746822 0.0197505 0.065678 0.780971
53 0.638254 0.628178 0.02079 0.0529661 0.782174
47 0.636175 0.840042 0.02079 0.0699153 0.784912
44 0.304574 0.514831 0.018711 0.059322 0.79367
46 0.659563 0.635593 0.0197505 0.0677966 0.795292
52 0.232328 0.850636 0.0322245 0.0529661 0.797439
53 0.0836798 0.849576 0.0218295 0.0550847 0.797941
46 0.529626 0.858051 0.0218295 0.0720339 0.799904
53 0.108108 0.955508 0.02079 0.0508475 0.803755
58 0.504678 0.0561441 0.0218295 0.0614407 0.804728
46 0.744802 0.637712 0.0197505 0.0677966 0.809666
53 0.394491 0.520127 0.0218295 0.0529661 0.811305
53 0.492723 0.736229 0.022869 0.0487288 0.811983
53 0.324844 0.519068 0.0197505 0.0550847 0.812161
47 0.366424 0.730932 0.0218295 0.0677966 0.812549
53 0.346674 0.628178 0.0197505 0.0572034 0.814858
47 0.134615 0.841102 0.0197505 0.0677966 0.815496
53 0.304574 0.847458 0.02079 0.0550847 0.816281
53 0.196466 0.522246 0.02079 0.0529661 0.818794
47 0.0660083 0.949153 0.0218295 0.0677966 0.820411
54 0.522869 0.627119 0.02079 0.0508475 0.824624
46 0.515593 0.747881 0.02079 0.0677966 0.827181
53 0.175156 0.848517 0.0197505 0.0487288 0.827222
53 0.0836798 0.521186 0.0218295 0.0508475 0.828335
53 0.296258 0.737288 0.02079 0.0508475 0.831308
53 0.974532 0.629237 0.0197505 0.0508475 0.831604
54 0.765593 0.629237 0.0197505 0.0508475 0.83567
44 0.502599 0.627119 0.0197505 0.0508475 0.836069
47 0.538981 0.512712 0.0197505 0.0677966 0.836806
52 0.425156 0.738347 0.033264 0.0529661 0.840699
53 0.585759 0.628178 0.0197505 0.0529661 0.842346
52 0.159044 0.522246 0.033264 0.0529661 0.846327
52 0.605509 0.520127 0.0322245 0.0529661 0.85068
53 0.722453 0.628178 0.02079 0.0487288 0.850977
53 0.653846 0.520127 0.02079 0.0487288 0.851694
47 0.704782 0.838983 0.02079 0.0677966 0.853319
53 0.887214 0.738347 0.0197505 0.0487288 0.854677
58 0.531705 0.0561441 0.0218295 0.0614407 0.855863
53 0.486486 0.519068 0.02079 0.0508475 0.861494
53 0.864865 0.628178 0.02079 0.0487288 0.867834
53 0.95894 0.521186 0.0197505 0.0466102 0.876647
52 0.22817 0.737288 0.0322245 0.0550847 0.880863
