0 0.969407 0.298913 0.0210325 0.0615942 0.000197334
38 0.994264 0.623188 0.0114723 0.0724638 0.000252511
54 0.00239006 0.599638 0.00478011 0.134058 0.00122512
0 0.996654 0.831522 0.00478011 0.0905797 0.00162188
0 0.0119503 0.297101 0.0219885 0.130435 0.00222998
0 0.996176 0.304348 0.00764818 0.0942029 0.00277529
40 0.424952 0.17029 0.041109 0.173913 0.00714934
54 0.319312 0.155797 0.0650096 0.311594 0.0111602
54 0.392925 0.210145 0.0191205 0.101449 0.0193629
59 0.108031 0.164855 0.0286807 0.177536 0.0665849
46 0.112333 0.610507 0.0181644 0.119565 0.112663
46 0.669216 0.610507 0.0172084 0.126812 0.135556
59 0.0463671 0.588768 0.0162524 0.134058 0.179877
48 0.798279 0.586957 0.00956023 0.108696 0.218833
44 0.0157744 0.811594 0.0219885 0.108696 0.267152
30 0.375717 0.585145 0.0248566 0.126812 0.281625
54 0.0224665 0.59058 0.0296367 0.137681 0.330826
41 0.73566 0.641304 0.0105163 0.0724638 0.338535
54 0.0640535 0.139493 0.0554493 0.228261 0.426688
42 0.184034 0.592391 0.0200765 0.119565 0.432876
61 0.638623 0.601449 0.0210325 0.0942029 0.441372
48 0.0645315 0.59058 0.0105163 0.130435 0.477983
64 0.276291 0.617754 0.0210325 0.126812 0.518055
51 0.974187 0.59058 0.00956023 0.123188 0.524982
0 0.25717 0.172101 0.0191205 0.0688406 0.553315
60 0.0501912 0.817029 0.0200765 0.0978261 0.562188
59 0.303537 0.599638 0.0143403 0.112319 0.579474
48 0.654876 0.59058 0.00956023 0.123188 0.591332
57 0.231836 0.173913 0.0219885 0.152174 0.597892
42 0.84847 0.586957 0.0219885 0.123188 0.626215
47 0.147228 0.144928 0.042065 0.217391 0.645914
48 0.0339388 0.798913 0.0124283 0.134058 0.658048
55 0.337476 0.615942 0.0210325 0.123188 0.669196
40 0.91826 0.601449 0.0181644 0.0869565 0.68264
64 0.421128 0.619565 0.0200765 0.115942 0.69631
42 0.0927342 0.59058 0.0210325 0.123188 0.743412
59 0.468929 0.596014 0.0124283 0.112319 0.753484
47 0.236138 0.586957 0.0191205 0.123188 0.762511
60 0.605641 0.599638 0.0219885 0.0978261 0.778212
46 0.540631 0.619565 0.0219885 0.123188 0.778993
54 0.498566 0.605072 0.0200765 0.0869565 0.790046
53 0.163002 0.603261 0.0219885 0.0978261 0.806341
53 0.132887 0.603261 0.0229446 0.0978261 0.82162
53 0.761472 0.601449 0.0219885 0.0942029 0.82563
47 0.782983 0.588768 0.0191205 0.126812 0.82968
59 0.568356 0.594203 0.0124283 0.108696 0.831271
54 0.204589 0.606884 0.0210325 0.0905797 0.838548
53 0.688815 0.603261 0.0200765 0.0905797 0.846154
53 0.814532 0.601449 0.0210325 0.0942029 0.848877
54 0.399618 0.601449 0.0210325 0.0942029 0.853326
47 0.58413 0.586957 0.0191205 0.123188 0.857282
44 0.192639 0.181159 0.041109 0.15942 0.857957
38 0.255736 0.603261 0.0200765 0.0978261 0.858109
53 0.51912 0.603261 0.0210325 0.0905797 0.858373
54 0.957935 0.601449 0.0210325 0.0869565 0.858708
54 0.937859 0.605072 0.0191205 0.0869565 0.866249
53 0.886233 0.605072 0.0210325 0.0869565 0.870834
54 0.442161 0.606884 0.0219885 0.0905797 0.878012
