43 0.00703125 0.989062 0.0140625 0.021875 0.000105365
0 0.780469 0.990625 0.0234375 0.01875 0.000142951
40 0.003125 0.59375 0.00625 0.08125 0.000165025
53 0.808594 0.0046875 0.0203125 0.009375 0.000584889
13 0.73125 0.607813 0.034375 0.084375 0.0634642
26 0.209375 0.3375 0.028125 0.0875 0.0759642
15 0.68125 0.607813 0.03125 0.090625 0.0773212
38 0.432031 0.34375 0.0359375 0.08125 0.0779199
0 0.669531 0.340625 0.0359375 0.09375 0.0837218
30 0.98125 0.60625 0.034375 0.09375 0.085491
46 0.121875 0.803125 0.03125 0.0875 0.0908552
25 0.986719 0.142188 0.0265625 0.084375 0.0910873
40 0.204688 0.801562 0.03125 0.084375 0.0928383
0 0.835156 0.614062 0.0359375 0.078125 0.0933001
42 0.438281 0.8 0.0328125 0.0875 0.0943183
64 0.336719 0.3375 0.0328125 0.0875 0.0995466
0 0.53125 0.346875 0.03125 0.075 0.100575
25 0.388281 0.803125 0.0359375 0.0875 0.100656
3 0.480469 0.14375 0.0296875 0.09375 0.100923
25 0.785937 0.604688 0.040625 0.096875 0.106482
26 0.339844 0.142188 0.0359375 0.090625 0.107441
1 0.880469 0.346875 0.0390625 0.1 0.109313
0 0.0835937 0.346875 0.0234375 0.1125 0.109889
51 0.371875 0.615625 0.021875 0.1125 0.111789
3 0.247656 0.339063 0.0296875 0.084375 0.115942
0 0.785937 0.342187 0.0375 0.096875 0.118565
50 0.626562 0.803125 0.034375 0.0875 0.118806
0 0.120312 0.339063 0.034375 0.090625 0.120968
30 0.164844 0.803125 0.0265625 0.08125 0.121275
23 0.266406 0.609375 0.0390625 0.09375 0.124227
46 0.249219 0.804688 0.0296875 0.090625 0.1269
42 0.527344 0.14375 0.0296875 0.0875 0.128285
0 0.742188 0.810938 0.0375 0.096875 0.131058
0 0.899219 0.15 0.0328125 0.06875 0.131171
1 0.572656 0.140625 0.0265625 0.08125 0.13166
50 0.0773437 0.80625 0.0328125 0.0875 0.132274
1 0.129688 0.607813 0.028125 0.084375 0.137302
1 0.8375 0.809375 0.0375 0.10625 0.14572
1 0.0640625 0.140625 0.028125 0.0875 0.146328
64 0.746094 0.354688 0.0265625 0.103125 0.150891
64 0.702344 0.142188 0.0296875 0.084375 0.151794
3 0.880469 0.609375 0.0328125 0.0875 0.158588
57 0.714844 0.340625 0.0328125 0.0875 0.158613
42 0.338281 0.804688 0.0328125 0.090625 0.160046
0 0.0390625 0.809375 0.025 0.1125 0.160382
47 0.852344 0.140625 0.0296875 0.0875 0.165602
29 0.528906 0.803125 0.0296875 0.0875 0.166444
25 0.208594 0.607813 0.0359375 0.084375 0.166917
1 0.0164062 0.140625 0.0296875 0.08125 0.167278
0 0.485938 0.8125 0.034375 0.075 0.168285
59 0.992188 0.339063 0.0125 0.084375 0.169187
51 0.44375 0.15 0.021875 0.10625 0.171701
13 0.799219 0.139062 0.0359375 0.090625 0.172739
29 0.94375 0.140625 0.03125 0.0875 0.175717
64 0.292969 0.8 0.0328125 0.0875 0.189271
38 0.457812 0.60625 0.028125 0.08125 0.191025
29 0.571875 0.340625 0.03125 0.0875 0.194095
42 0.748438 0.14375 0.03125 0.0875 0.194364
42 0.382031 0.339063 0.0296875 0.090625 0.202133
55 0.785156 0.826563 0.0328125 0.109375 0.202604
0 0.167187 0.609375 0.015625 0.06875 0.217694
3 0.291406 0.339063 0.0296875 0.090625 0.221298
3 0.588281 0.607813 0.0296875 0.084375 0.240234
38 0.164844 0.3375 0.0296875 0.0875 0.241902
3 0.6125 0.139062 0.028125 0.084375 0.250902
64 0.0117188 0.80625 0.0234375 0.0875 0.255643
2 0.502344 0.60625 0.0234375 0.075 0.255823
0 0.410156 0.607813 0.0296875 0.078125 0.263728
25 0.288281 0.140625 0.0359375 0.09375 0.265166
57 0.633594 0.607813 0.0328125 0.090625 0.268913
1 0.210156 0.14375 0.0265625 0.0875 0.276688
60 0.621094 0.340625 0.0390625 0.0875 0.278496
3 0.54375 0.607813 0.028125 0.084375 0.286721
3 0.163281 0.140625 0.0296875 0.0875 0.301452
0 0.245312 0.15 0.015625 0.075 0.306102
60 0.576563 0.80625 0.0375 0.0875 0.319411
0 0.960156 0.804688 0.0390625 0.103125 0.321129
43 0.919531 0.854688 0.0203125 0.034375 0.321232
47 0.483594 0.3375 0.0296875 0.0875 0.331809
30 0.669531 0.80625 0.0359375 0.09375 0.33299
3 0.657031 0.142188 0.0296875 0.090625 0.34883
62 0.325 0.607813 0.059375 0.084375 0.371064
48 0.703125 0.8125 0.01875 0.13125 0.373989
54 0.114844 0.140625 0.0390625 0.0875 0.381317
38 0.992969 0.804688 0.0140625 0.084375 0.416093
62 0.0414063 0.339063 0.0546875 0.084375 0.420629
62 0.4 0.14375 0.05625 0.08125 0.439631
43 0.9625 0.390625 0.021875 0.03125 0.469536
54 0.034375 0.604688 0.0375 0.084375 0.500606
55 0.828906 0.360938 0.0296875 0.096875 0.533607
58 0.882812 0.810938 0.025 0.078125 0.547612
60 0.929688 0.607813 0.040625 0.096875 0.588039
58 0.0828125 0.60625 0.028125 0.08125 0.626894
58 0.927344 0.348437 0.0265625 0.071875 0.752501
