0 0.0132813 0.110937 0.0109375 0.084375 0.000286278
44 0.996875 0.746875 0.00625 0.0625 0.00070058
0 0.0015625 0.91875 0.003125 0.08125 0.00455919
0 0.003125 0.464063 0.00625 0.084375 0.0119927
0 0.622656 0.73125 0.0390625 0.10625 0.06342
15 0.270312 0.26875 0.04375 0.09375 0.0640993
28 0.785937 0.73125 0.03125 0.09375 0.0730708
1 0.786719 0.267188 0.0296875 0.090625 0.0795667
1 0.88125 0.73125 0.028125 0.08125 0.0799863
0 0.0320312 0.0328125 0.0265625 0.065625 0.0907924
2 0.744531 0.729688 0.0296875 0.090625 0.0945866
0 0.247656 0.464063 0.0390625 0.096875 0.0995502
0 0.0710938 0.0234375 0.0296875 0.046875 0.100194
60 0.121094 0.273438 0.0359375 0.071875 0.100749
29 0.667969 0.73125 0.0359375 0.09375 0.102681
0 0.290625 0.021875 0.034375 0.04375 0.10367
0 0.39375 0.273438 0.040625 0.096875 0.106347
50 0.880469 0.265625 0.0296875 0.0875 0.110986
2 0.745313 0.26875 0.028125 0.09375 0.111689
30 0.269531 0.734375 0.0421875 0.09375 0.11331
0 0.121875 0.735937 0.0375 0.078125 0.124592
1 0.123438 0.932813 0.0375 0.109375 0.124629
29 0.289062 0.926562 0.034375 0.103125 0.126911
0 0.246875 0.929688 0.0375 0.096875 0.131895
0 0.166406 0.0328125 0.0421875 0.065625 0.13255
0 0.394531 0.734375 0.0421875 0.1 0.148664
1 0.833594 0.729688 0.0328125 0.084375 0.151084
43 0.616406 0.273438 0.0421875 0.096875 0.153136
13 0.01875 0.73125 0.034375 0.0875 0.165301
38 0.333594 0.021875 0.0328125 0.04375 0.167855
48 0.353125 0.271875 0.021875 0.11875 0.16999
0 0.0257812 0.464063 0.0390625 0.103125 0.173573
25 0.49375 0.275 0.0375 0.1 0.184106
44 0.211719 0.0234375 0.0296875 0.046875 0.187205
0 0.0265625 0.929688 0.0375 0.090625 0.188066
57 0.00625 0.025 0.0125 0.05 0.188309
19 0.709375 0.73125 0.01875 0.1 0.189584
25 0.495313 0.740625 0.040625 0.10625 0.190116
3 0.169531 0.471875 0.0265625 0.075 0.19059
25 0.123438 0.470313 0.040625 0.103125 0.192254
0 0.290625 0.460938 0.034375 0.096875 0.193365
3 0.166406 0.271875 0.0328125 0.0875 0.208363
30 0.314844 0.265625 0.0359375 0.0875 0.209029
3 0.167187 0.7375 0.034375 0.0875 0.22025
55 0.439844 0.284375 0.0328125 0.10625 0.229574
1 0.833594 0.265625 0.0328125 0.0875 0.242455
43 0.204688 0.5125 0.028125 0.0375 0.25026
3 0.169531 0.934375 0.0234375 0.075 0.250302
60 0.217187 0.732813 0.040625 0.090625 0.258197
51 0.708594 0.267188 0.0171875 0.103125 0.270443
58 0.66875 0.267188 0.034375 0.090625 0.276856
0 0.20625 0.976562 0.028125 0.028125 0.277858
0 0.25 0.05 0.034375 0.03125 0.2805
30 0.071875 0.729688 0.0375 0.090625 0.281924
30 0.071875 0.264062 0.0375 0.090625 0.284543
55 0.114063 0.0359375 0.0375 0.071875 0.288548
58 0.542188 0.273438 0.025 0.078125 0.33057
48 0.353125 0.7375 0.021875 0.125 0.359988
43 0.578906 0.784375 0.0203125 0.03125 0.382091
55 0.0710938 0.48125 0.0296875 0.1 0.384982
25 0.929688 0.265625 0.0375 0.08125 0.397313
25 0.929688 0.73125 0.0375 0.08125 0.402615
60 0.216406 0.26875 0.0421875 0.09375 0.422492
43 0.578906 0.315625 0.0234375 0.0375 0.423596
54 0.01875 0.265625 0.034375 0.0875 0.443384
55 0.0710938 0.946875 0.0296875 0.09375 0.445419
58 0.541406 0.740625 0.0265625 0.075 0.452827
30 0.316406 0.734375 0.0390625 0.09375 0.466454
55 0.439063 0.751562 0.03125 0.096875 0.472284
58 0.979688 0.729688 0.028125 0.084375 0.484829
58 0.980469 0.265625 0.0296875 0.0875 0.495835
