50 0.870313 0.114063 0.0375 0.090625 0.0617131
19 0.00546875 0.378125 0.0109375 0.0875 0.0618228
15 0.0859375 0.84375 0.028125 0.0875 0.0641935
30 0.04375 0.378125 0.03125 0.0875 0.0677104
11 0.88125 0.378125 0.034375 0.09375 0.0678975
19 0.00546875 0.842188 0.0109375 0.084375 0.0706433
25 0.139062 0.578125 0.0375 0.09375 0.0743309
15 0.882812 0.845312 0.03125 0.096875 0.0748322
25 0.18125 0.84375 0.03125 0.09375 0.0761639
30 0.0421875 0.842188 0.03125 0.090625 0.0800113
22 0.0859375 0.378125 0.025 0.08125 0.0827818
42 0.538281 0.575 0.0328125 0.09375 0.0875399
1 0.632031 0.110937 0.0359375 0.090625 0.0909553
60 0.982813 0.842188 0.034375 0.084375 0.0953565
0 0.686719 0.582812 0.0328125 0.078125 0.09642
26 0.183594 0.114063 0.0359375 0.096875 0.10962
42 0.321094 0.575 0.0296875 0.0875 0.109738
51 0.571875 0.385938 0.025 0.109375 0.112165
28 0.180469 0.376563 0.0359375 0.084375 0.115837
50 0.771875 0.1125 0.03125 0.0875 0.119036
25 0.465625 0.846875 0.04375 0.0875 0.120433
1 0.330469 0.846875 0.0296875 0.0875 0.125588
1 0.330469 0.378125 0.0328125 0.0875 0.128835
26 0.410937 0.376563 0.034375 0.084375 0.129621
3 0.742188 0.378125 0.028125 0.08125 0.129762
50 0.825 0.573438 0.0375 0.090625 0.130285
50 0.276563 0.578125 0.034375 0.0875 0.130533
64 0.492969 0.571875 0.0328125 0.0875 0.133469
1 0.408594 0.107813 0.0265625 0.084375 0.134028
25 0.132812 0.378125 0.03125 0.08125 0.142589
0 0.239844 0.579687 0.0203125 0.115625 0.146222
29 0.728906 0.576563 0.0296875 0.090625 0.146819
3 0.322656 0.1125 0.0328125 0.1 0.148121
25 0.586719 0.575 0.0359375 0.0875 0.149213
3 0.788281 0.378125 0.0296875 0.0875 0.149533
58 0.73125 0.11875 0.03125 0.075 0.150225
55 0.0125 0.576563 0.025 0.084375 0.159419
57 0.832812 0.840625 0.03125 0.0875 0.162122
30 0.982813 0.375 0.03125 0.0875 0.164492
2 0.702344 0.376563 0.0265625 0.084375 0.170332
51 0.571094 0.853125 0.0265625 0.11875 0.173167
3 0.58125 0.110937 0.03125 0.096875 0.174548
23 0.464063 0.379687 0.0375 0.090625 0.175338
47 0.365625 0.573438 0.028125 0.084375 0.180329
38 0.657031 0.845312 0.0265625 0.078125 0.181705
25 0.408594 0.845312 0.0359375 0.084375 0.182292
38 0.364844 0.109375 0.0296875 0.0875 0.185315
2 0.535937 0.109375 0.03125 0.09375 0.191851
38 0.657031 0.378125 0.0265625 0.08125 0.195205
47 0.639063 0.576563 0.03125 0.084375 0.207446
3 0.448438 0.107813 0.028125 0.084375 0.218408
0 0.940625 0.58125 0.0375 0.1 0.220321
30 0.9125 0.109375 0.034375 0.0875 0.221848
48 0.947656 0.120312 0.0203125 0.109375 0.222887
0 0.367188 0.846875 0.015625 0.06875 0.229607
0 0.6125 0.845312 0.034375 0.096875 0.235389
1 0.129688 0.110937 0.034375 0.090625 0.236559
0 0.367188 0.384375 0.015625 0.075 0.24221
40 0.132031 0.845312 0.0328125 0.084375 0.243993
25 0.0859375 0.576563 0.034375 0.090625 0.254573
3 0.448438 0.578125 0.03125 0.0875 0.25582
54 0.232031 0.378125 0.0359375 0.08125 0.257043
1 0.0539063 0.107813 0.0265625 0.090625 0.257921
0 0.0898438 0.114063 0.0140625 0.065625 0.260851
2 0.701563 0.84375 0.025 0.075 0.267204
0 0.283594 0.117188 0.0171875 0.109375 0.267442
62 0.983594 0.110937 0.0328125 0.084375 0.278042
58 0.405469 0.571875 0.0296875 0.0875 0.278789
3 0.744531 0.84375 0.0296875 0.08125 0.27954
58 0.282813 0.378125 0.028125 0.08125 0.289982
0 0.0460938 0.582812 0.0140625 0.071875 0.29963
48 0.903906 0.582812 0.0203125 0.128125 0.309859
30 0.869531 0.575 0.0359375 0.0875 0.320914
23 0.525781 0.845312 0.0578125 0.084375 0.353521
3 0.491406 0.109375 0.0296875 0.0875 0.356875
23 0.524219 0.375 0.0515625 0.08125 0.372787
60 0.775 0.576563 0.0375 0.084375 0.384145
57 0.832812 0.379687 0.03125 0.090625 0.384533
38 0.932031 0.84375 0.0359375 0.0875 0.415317
58 0.789062 0.842188 0.03125 0.084375 0.432348
0 0.609375 0.379687 0.028125 0.078125 0.438745
62 0.196875 0.576563 0.05625 0.084375 0.486351
40 0.932031 0.376563 0.0359375 0.084375 0.504029
47 0.682813 0.107813 0.03125 0.090625 0.523221
58 0.283594 0.842188 0.0296875 0.084375 0.562212
58 0.0117188 0.110937 0.0234375 0.084375 0.568734
62 0.241406 0.110937 0.0546875 0.078125 0.579675
60 0.821094 0.1125 0.0390625 0.09375 0.58101
54 0.232031 0.845312 0.0359375 0.084375 0.610145
55 0.985156 0.596875 0.0296875 0.1 0.688821
