38 0.996875 0.717188 0.00625 0.059375 0.00012789
43 0.816406 0.735937 0.0046875 0.059375 0.000146861
51 0.003125 0.935938 0.00625 0.090625 0.000248589
53 0.003125 0.459375 0.00625 0.08125 0.000254514
58 0.00234375 0.0578125 0.0046875 0.065625 0.000830775
0 0.359375 0.723437 0.0375 0.090625 0.0722766
15 0.889844 0.253125 0.0328125 0.08125 0.0729275
1 0.752344 0.720312 0.0265625 0.090625 0.0777673
15 0.796875 0.254687 0.028125 0.090625 0.078156
0 0.410937 0.257812 0.0375 0.090625 0.0805135
25 0.413281 0.0578125 0.0359375 0.090625 0.0817512
2 0.189844 0.059375 0.0265625 0.08125 0.0850401
28 0.103906 0.254687 0.0390625 0.084375 0.0872421
0 0.633594 0.717188 0.0359375 0.096875 0.0932863
30 0.278906 0.723437 0.0390625 0.090625 0.0939541
25 0.863281 0.06875 0.0390625 0.10625 0.0949487
50 0.292969 0.253125 0.0359375 0.0875 0.110106
0 0.0859375 0.726562 0.034375 0.071875 0.120285
22 0.751562 0.25625 0.03125 0.0875 0.124986
45 0.316406 0.725 0.0265625 0.11875 0.128392
0 0.034375 0.45625 0.0375 0.09375 0.131727
0 0.5875 0.71875 0.04375 0.1125 0.135444
53 0.0367187 0.717188 0.0328125 0.084375 0.135813
2 0.708594 0.721875 0.0265625 0.0875 0.152907
1 0.796875 0.715625 0.03125 0.0875 0.153575
57 0.335938 0.254687 0.034375 0.084375 0.156657
19 0.672656 0.721875 0.0234375 0.1 0.158943
0 0.76875 0.065625 0.0375 0.09375 0.158999
0 0.678906 0.254687 0.0328125 0.096875 0.160051
29 0.254687 0.915625 0.03125 0.09375 0.161161
29 0.555469 0.0625 0.0296875 0.09375 0.162886
0 0.150781 0.259375 0.0296875 0.075 0.170496
46 0.364844 0.0640625 0.0296875 0.090625 0.174385
30 0.233594 0.721875 0.0421875 0.09375 0.175056
0 0.296875 0.451562 0.03125 0.096875 0.176678
1 0.845312 0.721875 0.028125 0.0875 0.178663
64 0.0296875 0.065625 0.034375 0.1 0.181725
0 0.635156 0.259375 0.0390625 0.09375 0.19415
0 0.102344 0.059375 0.0296875 0.0875 0.194822
25 0.840625 0.254687 0.03125 0.084375 0.195961
0 0.213281 0.91875 0.0390625 0.1 0.19813
55 0.132031 0.460938 0.0390625 0.103125 0.203573
38 0.146094 0.0609375 0.0296875 0.084375 0.206013
50 0.653125 0.059375 0.0375 0.0875 0.208032
19 0.714063 0.251563 0.015625 0.103125 0.211377
55 0.0851562 0.925 0.0390625 0.10625 0.214936
3 0.19375 0.254687 0.028125 0.084375 0.217147
0 0.511719 0.06875 0.0328125 0.075 0.220172
30 0.695312 0.0609375 0.034375 0.090625 0.220338
13 0.0523437 0.254687 0.0359375 0.090625 0.225442
1 0.507031 0.2625 0.0421875 0.1125 0.232953
58 0.135156 0.926562 0.0265625 0.071875 0.234437
3 0.230469 0.0578125 0.0265625 0.090625 0.238634
1 0.458594 0.729688 0.0390625 0.103125 0.240505
3 0.507031 0.728125 0.0265625 0.08125 0.240791
43 0.170312 0.967188 0.021875 0.034375 0.241331
0 0.946094 0.110937 0.0265625 0.034375 0.244428
55 0.403906 0.735937 0.0296875 0.090625 0.247718
42 0.464063 0.0578125 0.03125 0.084375 0.248452
3 0.554688 0.264062 0.028125 0.078125 0.260293
0 0.254687 0.453125 0.0375 0.09375 0.283171
60 0.604688 0.0625 0.0375 0.1 0.284787
3 0.944531 0.720312 0.0296875 0.090625 0.289486
48 0.371094 0.264062 0.0203125 0.115625 0.289635
54 0.894531 0.720312 0.0390625 0.084375 0.315355
55 0.454688 0.278125 0.03125 0.1 0.327672
0 0.214062 0.503125 0.03125 0.01875 0.328492
3 0.130469 0.725 0.0296875 0.0875 0.343845
51 0.0648438 0.0671875 0.0171875 0.109375 0.349627
0 0.59375 0.304688 0.025 0.021875 0.351788
25 0.938281 0.253125 0.0390625 0.08125 0.356873
60 0.180469 0.71875 0.0421875 0.1 0.362182
3 0.910156 0.0703125 0.0234375 0.071875 0.36789
64 0.31875 0.0609375 0.03125 0.084375 0.393955
3 0.272656 0.0609375 0.0296875 0.090625 0.417827
58 0.176563 0.459375 0.025 0.075 0.428166
43 0.54375 0.76875 0.021875 0.0375 0.478336
48 0.730469 0.0703125 0.0140625 0.109375 0.488206
55 0.0789063 0.471875 0.0296875 0.1 0.500621
60 0.24375 0.257812 0.0375 0.090625 0.55964
55 0.811719 0.0828125 0.0296875 0.096875 0.624482
55 0.0359375 0.939062 0.028125 0.090625 0.760754
