43 0.0015625 0.485938 0.003125 0.059375 0.000190631
51 0.00234375 0.720312 0.0046875 0.053125 0.000332808
28 0.117188 0.83125 0.03125 0.08125 0.000820983
15 0.33125 0.748438 0.028125 0.090625 0.0585039
28 0.691406 0.279687 0.0359375 0.096875 0.0691917
17 0.632812 0.748438 0.04375 0.096875 0.0702609
26 0.223438 0.276563 0.028125 0.084375 0.0739438
50 0.321094 0.48125 0.0359375 0.0875 0.0751699
43 0.571094 0.990625 0.0234375 0.01875 0.0844335
13 0.382031 0.745313 0.0359375 0.090625 0.0861707
1 0.591406 0.0875 0.0265625 0.09375 0.0876133
19 0.0242187 0.757812 0.0359375 0.103125 0.0891427
26 0.364062 0.090625 0.0375 0.09375 0.0896498
50 0.275781 0.945312 0.0359375 0.090625 0.095329
38 0.00234375 0.95 0.0046875 0.0625 0.0956295
30 0.434375 0.745313 0.0375 0.090625 0.100215
0 0.810938 0.285937 0.0375 0.090625 0.102753
0 0.502344 0.090625 0.0296875 0.0875 0.105345
50 0.0921875 0.0890625 0.028125 0.084375 0.107454
0 0.757812 0.75 0.0375 0.09375 0.108151
13 0.0820312 0.479688 0.0359375 0.084375 0.111404
30 0.678906 0.746875 0.0359375 0.0875 0.11213
0 0.435937 0.48125 0.034375 0.0875 0.113125
50 0.132031 0.282813 0.0328125 0.084375 0.11324
0 0.655469 0.945312 0.0328125 0.103125 0.113747
3 0.264062 0.28125 0.028125 0.08125 0.114658
30 0.282031 0.748438 0.0328125 0.084375 0.11795
11 0.502344 0.282813 0.0328125 0.084375 0.118282
47 0.864844 0.090625 0.0296875 0.0875 0.118684
2 0.992969 0.0875 0.0140625 0.08125 0.122756
25 0.0890625 0.94375 0.03125 0.0875 0.127059
48 0.717188 0.751562 0.021875 0.121875 0.130955
25 0.814062 0.0875 0.034375 0.0875 0.132432
51 0.464063 0.096875 0.01875 0.1125 0.13707
60 0.485938 0.753125 0.034375 0.075 0.137951
29 0.0320312 0.479688 0.0328125 0.103125 0.139201
1 0.530469 0.489062 0.0390625 0.103125 0.143139
29 0.221875 0.479688 0.03125 0.084375 0.14315
3 0.90625 0.75625 0.028125 0.08125 0.143799
0 0.9125 0.0953125 0.03125 0.071875 0.150385
29 0.530469 0.751562 0.0296875 0.084375 0.150388
42 0.398438 0.282813 0.03125 0.090625 0.153755
13 0.449219 0.28125 0.0359375 0.09375 0.15572
0 0.18125 0.4875 0.03125 0.075 0.156127
2 0.352344 0.28125 0.0296875 0.0875 0.158961
0 0.0625 0.75 0.03125 0.09375 0.16058
42 0.546094 0.0890625 0.0265625 0.084375 0.163648
48 0.770312 0.29375 0.021875 0.11875 0.164496
38 0.107813 0.748438 0.028125 0.078125 0.164935
0 0.0929687 0.289062 0.0203125 0.115625 0.165525
0 0.549219 0.292188 0.0328125 0.071875 0.171616
51 0.00390625 0.28125 0.0078125 0.0875 0.175517
1 0.0445312 0.0875 0.0328125 0.0875 0.176927
44 0.00546875 0.0828125 0.0109375 0.084375 0.179865
48 0.396875 0.490625 0.025 0.11875 0.191465
29 0.696094 0.48125 0.0328125 0.09375 0.193072
1 0.858594 0.757812 0.0390625 0.103125 0.200175
1 0.90625 0.290625 0.040625 0.10625 0.202683
3 0.307813 0.282813 0.028125 0.090625 0.2069
0 0.135937 0.954687 0.03125 0.071875 0.209454
0 0.392188 0.945312 0.0375 0.090625 0.212104
2 0.152344 0.748438 0.0234375 0.078125 0.215764
30 0.735156 0.28125 0.0359375 0.0875 0.218501
30 0.363281 0.479688 0.0328125 0.090625 0.225334
46 0.764844 0.090625 0.0296875 0.0875 0.227492
55 0.804688 0.764063 0.028125 0.090625 0.230676
3 0.954687 0.090625 0.028125 0.0875 0.236458
3 0.532812 0.953125 0.028125 0.08125 0.237096
1 0.235938 0.0890625 0.028125 0.084375 0.239126
0 0.654688 0.48125 0.0375 0.09375 0.246157
29 0.59375 0.282813 0.03125 0.084375 0.247435
3 0.630469 0.0875 0.0265625 0.0875 0.248068
0 0.984375 0.75 0.03125 0.1 0.264385
42 0.177344 0.282813 0.0296875 0.084375 0.269107
55 0.484375 0.953125 0.0375 0.09375 0.271028
25 0.3125 0.0890625 0.034375 0.090625 0.272688
54 0.141406 0.0890625 0.0359375 0.084375 0.276711
38 0.0398437 0.94375 0.0296875 0.08125 0.28025
0 0.611719 0.95 0.0390625 0.09375 0.281288
0 0.9875 0.33125 0.021875 0.01875 0.286936
47 0.133594 0.479688 0.0296875 0.084375 0.291089
48 0.353125 0.945312 0.015625 0.109375 0.319522
3 0.194531 0.746875 0.0265625 0.08125 0.324435
58 0.239063 0.745313 0.03125 0.084375 0.349439
0 0.614844 0.53125 0.0296875 0.025 0.350009
46 0.178906 0.946875 0.0265625 0.0875 0.35173
60 0.642187 0.282813 0.0375 0.084375 0.354521
3 0.954687 0.292188 0.028125 0.078125 0.365621
64 0.71875 0.0890625 0.03125 0.084375 0.385321
0 0.271094 0.0953125 0.0140625 0.071875 0.396164
3 0.673437 0.0890625 0.028125 0.084375 0.433641
58 0.189063 0.0859375 0.03125 0.090625 0.447299
0 0.94375 0.798437 0.025 0.028125 0.455291
30 0.321094 0.94375 0.0328125 0.0875 0.461209
62 0.420312 0.0921875 0.059375 0.084375 0.466671
60 0.579687 0.746875 0.040625 0.0875 0.503317
55 0.478906 0.503125 0.0328125 0.09375 0.521553
62 0.0484375 0.285937 0.05625 0.090625 0.537516
55 0.855469 0.304688 0.0296875 0.090625 0.55022
60 0.227344 0.945312 0.0359375 0.084375 0.579651
60 0.271875 0.479688 0.0375 0.084375 0.615722
55 0.435156 0.959375 0.0296875 0.08125 0.615983
58 0.577344 0.489062 0.0265625 0.071875 0.715754
